StGlasov	Leto	Dolzina	Ocena	Reziserji	Igralci	Zanri	Ime
continuous	continuous	continuous	slab povprecen dober	string	string	string	string
			class	meta	meta	meta	meta
30	2002	96	slab	83	567, 566, 5, 582, 583, 584, 585, 586, 570, 569, 568	3, 6	.com za umor
21	2002	97	slab	86	610, 611, 592, 608, 609, 587, 588, 589, 590, 591	2, 12	1 na 1
70	2000	91	slab	91	624, 614, 615, 612, 613, 616, 622, 623, 620, 621	1, 10	100 deklet
46	1996	103	slab	93	625, 618, 619, 617	1, 11, 13	101 dalmatinec
41	2001	120	slab	98	728, 730, 731, 690, 726	2, 3, 12	15 minut
85	1968	145	dober	40	679, 678, 677, 676, 674	18, 11	2001: Odiseja v vesolju
86	2003	124	povprecen	1	653, 652, 655, 654, 649, 648, 651, 650, 656	3, 8, 12	21 gramov
28	2002	135	dober	87	645, 644, 646, 451, 107, 643	8, 12	Poslednja noc
37	2001	125	slab	77	289, 532, 529, 528, 531, 530, 144, 526, 527, 30	1, 2, 12	3000 milj do Gracelanda
38	1982	96	slab	75	508, 516, 509, 510, 511, 512, 513, 514, 507, 515	1, 2, 12	48 ur
181	2004	95	povprecen	64	478, 479, 476, 477, 459, 458, 457, 456, 455	1, 10	50 prvih poljubov
55	2005	101	povprecen	61	440, 441, 424, 442, 443, 444, 437, 438, 423, 439	2, 3, 12	7 Sekund
12	1960	97	slab	42	311, 310, 313, 312, 315, 314, 317, 316, 319, 318	1, 8, 10	Skandalozna Olympija
73	1971	137	povprecen	40	291, 292, 293, 294, 295, 296, 297, 298, 299, 300	3, 8, 12	Peklenska pomaranca
34	2001	132	povprecen	27	237, 236, 235, 234, 266, 267, 265, 270, 268, 269	1, 2, 11	Vitezova usoda
13	2004	120	povprecen	20	171, 170, 169, 168, 6, 173, 172, 213, 214, 167, 166	8	Ljubezenska pesem za Bobbyja Longa
36	2003	110	slab	19	155, 156, 157, 158, 159, 163, 162, 161, 160, 164	2, 3, 12	Besno mascevanje
33	2004	133	povprecen	10, 13	102, 103, 100, 101, 98, 99, 96, 97, 104, 93, 92, 95, 94, 91, 90	17, 8	Zelo dolga zaroka
13	1997	100	povprecen	79	546, 544, 545, 541, 558, 540, 543, 557, 542, 483	1, 10	Suznja ljubezni
15	2001	91	slab	60	425, 410, 411, 408, 409, 426, 414, 412, 413, 407	2, 3	Panika v zraku
30	1980	86	povprecen	57, 56	402, 387, 386, 400, 383, 385, 401, 384, 389, 388	1	Ali je pilot v letalu?
27	1992	90	dober	55, 54	?	21, 13	Aladin
37	2002	88	povprecen	39	305, 304, 307, 306, 262, 309, 308, 301, 302, 303	1	Ali G
15	1951	75	slab	89, 88	?	21, 13, 14	Alica v Cudezni dezeli
96	1979	112	dober	35	263, 261, 603, 264, 605, 604, 607, 606	3, 18, 6	Osmi potnik (Reziserjeva verzija)
92	1992	114	povprecen	51	258, 259, 262, 260, 261, 124, 360, 361, 362, 363	2, 3, 18, 6	Osmi potnik 3
83	1997	109	povprecen	10	789, 101, 788, 38, 787, 786, 547, 785, 784, 261, 782	2, 3, 18, 6	Osmi potnik 4: Vstajenje
19	2001	104	povprecen	108	774, 775, 773, 733, 782, 783, 780, 781, 778, 779, 776, 777	3, 12	V pajkovi mrezi
62	2003	91	povprecen	100	700, 698, 699, 696, 697, 694, 695, 692, 693, 451	1, 10	In prisla je Polly
43	1980	112	slab	24	3148, 4182, 212, 1229, 211	8, 10, 12	Ameriski zigolo
47	2001	108	povprecen	23	205, 204, 207, 206, 201, 200, 203, 202, 208	1	Ameriska pita 2
27	2001	102	slab	118	518, 868, 870, 871, 872, 873, 874, 875, 877	8, 10	Angelske oci
47	1977	93	slab	125	926, 927, 924, 925, 771, 923, 929, 928, 931, 930	1, 10	Annie Hall
24	2005	170	slab	127	956, 957, 952, 953, 954, 955, 948, 949, 950, 951	3, 8, 10	Anthony Zimmer + Bazen
51	2005	91	povprecen	132	1001, 1000, 1003, 1002, 1005, 1004, 997, 331, 999, 998	13	A smo ze tam?
42	2001	96	dober	144, 145	1070, 1071, 1075, 1074, 454, 1073, 1072, 1078, 1077, 1076	21, 11, 13, 14	Atlantida: Izgubljeno cesarstvo
25	2000	104	slab	147	789, 749, 212, 1092, 1093, 1094, 1095, 1089, 1090, 1091	8, 10	Jesen v New Yorku
20	1994	99	dober	153	1117, 1116, 1119, 1118, 1113, 1115, 1114, 1122, 1120, 1121	1, 13	Trije lopovi in potepin
83	2003	146	dober	133	1134, 1135, 1132, 1119, 1133, 1131, 1124, 1125, 367, 1123, 1136	1, 2, 12	Podli fantje 2
12	1942	78	dober	159, 88	1168, 1167	21, 13	Bambi
15	2001	93	dober	162	1007, 1175, 1176, 1177, 1178, 1010, 901, 1179, 1180, 1181	1, 10, 12	Bandita
30	1975	184	dober	40	1186, 1185, 1191, 1190, 1189, 1188, 1193, 1192, 299	17, 8, 10	Barry Lyndon
29	1992	126	povprecen	168	772, 771, 767, 769, 109	2, 12, 14	Batmanova vrnitev - Posebna izdaja
21	2000	118	slab	175	1251, 1250, 1249, 1248, 1245, 214, 1246, 1042, 1247, 643	2, 18	Bojno polje Zemlja
19	1949	118	dober	176	1187, 1253, 1252, 3728, 1803, 3727	17, 2	Bojisce
13	2005	105	povprecen	178	1266, 200, 1207, 1267, 1264, 1265, 1263	1	Lepotilni salon
66	1988	92	slab	168	1290, 1291, 1288, 1289, 1292, 697, 1293, 485, 109, 1287	1, 6, 14	Beetle Juice
29	2001	106	slab	185	1307, 1311, 1310, 1309, 1308, 812, 1312, 1313, 213, 1013	17, 2, 3	Za sovraznikovo crto
14	2003	91	dober	188, 189	1337, 1339, 1338, 1341, 1340, 323, 1343, 1342, 1346, 1344, 1345	2	V zrelu zveri
84	2004	125	povprecen	168	1424, 1425, 767, 1419, 1008, 798, 95, 452, 1423, 1422, 1421, 1420	1, 8, 11, 14	Velika riba
16	2003	74	povprecen	208, 209	1458, 1459, 1460	21	Bionicle: Maska svetlobe
13	1994	88	dober	211	627, 1478, 1477, 1476, 1475, 1474, 1473, 1472, 1470, 1471	11, 13	Iskri vranec
88	2001	144	dober	35	1490, 1491, 1488, 1489, 525, 1479, 763, 1487, 1486, 1485, 1042, 1484, 1483, 1482, 1422, 1481, 1480	17, 2, 20, 8	Sestreljeni crni jastreb
54	2002	117	povprecen	212	1494, 1495, 1492, 1493, 38, 444, 1498, 1496, 1497, 284	2, 3, 6	Blade 2
12	2004	99	povprecen	216, 217	1524, 763, 1525, 1526, 1527, 1522, 1523, 1528, 1529, 378	2, 3	Mrtvo obzorje
48	2002	105	dober	218	1532, 1533, 1534, 1535, 1536, 1537, 1538, 1530, 1539, 1531	20, 8	Krvava nedelja
20	2004	124	slab	220	1550, 1551, 4, 1462, 1557, 1556, 1553, 1552, 1555, 1554	19, 2, 11	Blueberry
121	2004	108	slab	236	1659, 1017, 1658, 1657, 1656, 1663, 1664, 1662, 1661, 1660, 60	1, 10	Bridget Jones: Na robu pameti
13	1996	108	povprecen	43	531, 1682, 1683, 214, 192	2	Zlomljena puscica
85	2003	101	povprecen	3	700, 1714, 733, 1712, 1713, 1402, 1711, 1710, 1709, 1708, 26	1, 14	Vsemogocni Bruce
27	1999	105	povprecen	245	1719, 1716, 1717, 1715, 1720	5, 7	Buena Vista Social Club
67	2001	129	dober	259	1806, 1807, 1804, 1805, 662, 198, 604, 1810, 1809, 15, 1808	17, 8, 10	Corellijeva mandolina
100	2002	141	dober	136, 104	989, 1845, 1844, 1847, 856, 1846, 1841, 1840, 1843, 1842, 1839, 771, 158	22, 8, 12	Ujemi me, ce me mores
45	2001	87	povprecen	264	1100, 1875, 1874, 1873, 1872, 1879, 1878, 1877, 1876, 1870, 1871, 697, 1869, 329	1, 13, 14	Macke in psi
121	2005	110	dober	168	1912, 1020, 505, 735, 1419, 1296, 1909, 1908, 1911, 1910	11, 13, 14, 15	Carli in tovarna cokolade
81	2003	106	povprecen	269	1153, 478, 1925, 1923, 665, 1921, 1920, 976	1, 2, 11, 12	Carlijevi angelcki: S polno brzino
54	2001	121	dober	280	427, 429, 433, 4155, 434, 1296, 367	1, 8, 10	Cokolada
15	1999	65	dober	282	2017, 2016, 2018, 2015, 1137	1	Chris Rock: Vecji in temnejsi
46	2005	144	dober	48	2082, 327, 2083, 1657, 2086, 2087, 2084, 2085, 350	16, 22, 8	Cinderella man: Legenda o boksarju
51	2004	104	slab	120	2116, 2117, 84, 2118, 1408, 339, 922, 2113, 2114, 2115	8, 10	Bliznji odnosi
38	1995	97	slab	299	2133, 2132, 2135, 2134, 2129, 1207, 547, 870, 2131, 2130, 396	1, 10	Nimas pojma
68	2004	120	povprecen	305	2167, 2166, 978, 453, 2170, 2169, 2168	2, 3, 12	Stranski ucinki
13	1991	118	dober	308	2200, 2201, 2202, 2203, 2192, 2193, 2194, 2195, 2196, 2197, 2198, 2199, 2191, 2190	7, 8	Predrzni rokerji
31	1984	103	povprecen	311	2219, 2218, 2217, 2216, 2222, 1204, 2221, 2220, 2215, 1740	2, 11, 14	Konan unicevalec
11	2005	85	slab	314	2232, 2230, 2231, 1960, 2229	1, 8, 12	Amerisko dekle
43	1997	153	dober	318	2249, 277, 1489, 129, 2260, 2261, 1960, 2258, 607, 2259	18, 8	Stik
19	1996	117	povprecen	323	971, 775, 766, 1109, 40, 2290, 1723, 483, 2289	17, 2, 8	Pravi pogum
26	1986	97	dober	328	2323, 2322, 2327, 2326, 2325, 2324, 2331, 2330, 2329, 2328, 2333, 2332	1, 11	Krokodil Dundee
30	2005	105	slab	339	2421, 2420, 2423, 2422, 1834, 2419, 2418, 348, 2424, 1394	3, 6	Temacna voda
12	2003	90	slab	346	2473, 2475, 2474, 2477, 2476, 2479, 2478, 2480, 2481, 2482, 2483	2	Vlak smrti
32	2001	108	slab	212	2552, 2553, 2548, 2549, 2550, 2551	3, 6, 14	Hudiceva hrbtenica
29	2002	127	dober	108	2599, 1880, 4, 434, 2425, 2602, 2600	2, 3, 11	007 - Umri kdaj drugic
38	1987	100	dober	363	2624, 2625, 2626, 2623, 2622, 1619, 2621, 2620, 2619, 1513	7, 8, 10	Umazani ples
14	2002	116	slab	366	2656, 2657, 128, 874, 1073, 2500, 2653, 285, 2655, 2654	1, 8	Bozanske skrivnosti Ya Ya Sester
34	2001	83	povprecen	369, 368	729, 2662, 2147, 530, 515, 2666, 2667, 2664, 2665, 725	1, 13	Dr. Dolittle 2
19	1975	124	dober	371	926, 2675, 2679, 2678, 2677, 2676, 886, 2683, 2682, 2681, 2680, 2686, 2685, 2684	3, 8, 12	Pasje popoldne
18	2001	113	povprecen	377	154, 396, 125, 2739, 2092, 1470	3, 8, 12	Niti besede
12	1999	105	povprecen	379	1763, 1221, 2761, 2760, 2762, 2757, 2756, 2655, 2759, 2758	3, 8, 12	Pravica do umora
16	2000	98	povprecen	390, 389	2802, 2803, 332, 2801, 2178, 347, 2806, 2807, 2804, 2063, 2805	6	Drakula 2000
13	2003	85	slab	390	2810, 2811, 2808, 671, 2809, 1767, 2814, 2815, 2816, 2812, 1801, 2813	6	Drakula II: Vnebohod
22	2000	107	slab	403	1677, 2894, 1332, 2895, 2893, 2899, 2898, 729, 2897, 2896, 2902, 2901, 2900	11, 14	Jece in zmaji
31	2005	97	slab	407	985, 733, 979, 126, 487, 2924, 1198, 2925, 2926, 2927	3, 12	Edison
42	2002	118	slab	411	2954, 2953, 2952, 7, 2951, 2950	8, 10	Greh oceta Amara
85	2005	97	slab	413	1, 2968, 2969, 2966, 2967, 2964, 2965, 2962, 2963, 1842	2, 11, 12, 14	Elektra
25	2003	95	povprecen	414	2032, 2701, 1866, 2972, 2973, 2970, 174, 2971, 1400, 79	1, 13, 14	Skrat
65	2005	123	slab	104	2974, 2167, 2975, 564, 697, 1486, 1499, 2976, 329	8, 10	Elizabethtown
22	2002	113	dober	415	2985, 2984, 2986, 2981, 2980, 2983, 2982, 2977, 2979, 2978	8	Odpri srce
11	1988	96	slab	416	2989, 2988, 2991, 2990, 2987, 2996, 2997, 2998, 2992, 2993, 2994, 2995	1, 6, 14	Elvira, gospodarica teme
24	1979	112	dober	431	3114, 3112, 3113, 143, 3107, 3110, 3111, 74, 3108, 3109	3, 8	Pobeg iz Alcatraza
143	2004	108	povprecen	433	2974, 3115, 3067, 1216, 3116, 1039, 26, 2168	1, 18, 8, 10	Vecno sonce brezmadeznega uma
60	2002	120	dober	443	3165, 3167, 3166, 3170, 3171, 3168, 3169	3	Eksperiment
97	2004	122	dober	231	1006, 13361, 1632, 1754, 13362	5	Fahrenheit 9/11
13	1987	119	povprecen	12	3269, 288, 3268, 154, 3265, 3264, 3267, 3266, 2245, 619	3, 8	Usodna privlacnost
53	2003	90	povprecen	266	3303, 3302, 3301, 3300, 3299, 3298, 2415, 555, 3305, 3304	3, 6	Brez povratka 2
35	2004	113	slab	185, 472	411, 3347, 3346, 3345, 977, 3350, 3349, 1197, 689, 3348	2, 11	Feniksov let
28	2001	92	povprecen	478	3385, 3384, 3387, 3386, 272, 3389, 3388, 127, 5669, 3383	1, 2, 12	Formula 51
25	2004	84	povprecen	482	3428, 3429, 3424, 3425, 3426, 3427, 3423, 3422, 3421, 3420, 3419, 3418, 2517	2, 6	Frankenfish
21	1988	120	povprecen	485, 484	3437, 3438, 3439, 3444, 1813, 994, 3441, 3440, 3443, 3442	3, 12	Besnilo
18	1996	110	slab	486	547, 396, 3467, 3466, 3465, 526, 3464, 193, 121, 3468	3, 12	Avtocesta brez izhoda
10	1989	100	slab	494	3536, 3535, 3534, 3533, 3532, 2791, 3531, 3530, 3529, 3528	6	Petek 13. - 8.del
32	2004	102	povprecen	502	2113, 3608, 3605, 3604, 603, 3607, 3606, 3601, 946, 3603, 3602	1, 8, 10	Stanje zamaknjenosti
105	2004	80	povprecen	503	3613, 2132, 3612, 3615, 3614, 3609, 3611, 3610, 876, 3616	1, 21, 13	Garfield (sinhronizirano)
100	1990	127	dober	56	2472, 3, 1923, 2073, 1513	1, 8, 10, 14	Duh
35	2001	94	slab	511	3406, 3647, 3646, 3648, 1617, 3649, 997, 1892	2, 18, 6	Duhovi z Marsa
11	1956	193	dober	512, 513	3657, 83, 993, 3650, 3651, 3652, 3653, 3654, 3655	8	Velikan (Posebna izdaja)
48	1958	119	slab	514, 406	3658, 3659, 3660, 3661, 3662, 3663, 3665, 3664, 315, 3666, 318	1, 10, 15	Gigi
23	2001	104	slab	518	3695, 871, 3699, 3698, 3697, 3696, 3703, 3702, 3701, 3700	7, 8, 10	Blisc
26	2003	231	slab	521	3717, 3716, 3711, 3713, 3712, 3715, 3714, 618, 1395, 134	17, 2, 20	Bogovi in generali
17	1988	129	dober	327	3777, 3776, 3778, 696, 261, 3774, 3775, 3772, 3773, 3771	22, 8	Gorile v megli: Zgodba o Dian Fossey
49	2001	137	povprecen	388	307, 3099, 958, 2163, 3091, 672, 3656, 3779, 1408, 2657, 262, 3781, 3068, 3780, 3692	8, 12	Gosford park
12	2000	90	slab	530	1495, 3783, 3782, 739, 3785, 889, 3784, 3787, 3786, 3788, 2707	3	Cencanje
70	1984	102	povprecen	540	3850, 3851, 3848, 3849, 3846, 3847, 3844, 3845, 3842, 3843, 3841	1, 6, 14	Gremlini
76	1993	97	povprecen	115	2930, 1264, 3610, 3861, 3860, 3859, 876, 3858, 3857, 3856	1, 10, 14	Svizcev dan
41	2005	106	povprecen	542	2352, 223, 3868, 3867, 3866, 3865, 1920, 3864, 3863, 3862	1, 10	Ugani, kdo pride na vecerjo
33	2005	103	povprecen	552	3944, 3883, 893, 3942, 3943	3	Prepovedan sadez
15	2001	83	povprecen	562	4000, 3998, 783, 3999, 1721	1, 10	Zaljubljen do uses
27	1956	175	slab	570	4035, 4034, 4036, 4030, 4031	20, 8, 10, 11	Trojanska Helena
22	1987	94	slab	572	4054, 4055, 4053, 4058, 4059, 4056, 4057, 1768, 4060, 4061	6	Hellraiser
40	1974	85	slab	574	4080, 4081, 4082, 4083, 4084, 4085, 4086, 4087, 4079, 4078	1, 11, 13, 14	Herbi zopet vozi
12	2002	112	slab	125	4147, 4150, 923, 4151, 4148, 4149, 4154, 695, 4152, 4153	1, 8	Propad Hollywooda
34	2003	116	slab	584	551, 3645, 4001, 321, 4155, 525, 40, 994, 4009, 4156, 2758, 4157	1, 2, 12	Hollywoodski kifeljci
11	1998	114	povprecen	93	1100, 3506, 4161, 4160, 4162, 515, 813, 557, 4158, 4159	1	Genij
35	1992	120	dober	555	4165, 4164, 1915, 4167, 477, 4163, 4172, 4169, 4168, 2531, 4171, 4170, 485, 487, 123	1, 13	Sam doma 2 - Izgubljen v New Yorku
41	2000	104	slab	48	4235, 4236, 4237, 4238, 1084, 4239, 2661, 4240, 26, 3890	1, 13, 14	Kako je Grinch ukradel bozic
50	2003	138	slab	601	516, 4264, 4265, 196, 348, 1484, 4262, 4263, 4261	2, 18, 14	Hulk
28	2001	132	dober	604	772, 3221, 2660, 142, 1012, 656, 4279, 4278, 4277, 4276	8	Moje ime je Sam
133	2004	115	dober	606	237, 1925, 4287, 4286, 4285, 2295, 1124, 4288, 896, 2758	2, 18, 3	Jaz, robot
76	2003	90	dober	612	746, 807, 2035, 429, 4309, 4308, 2262, 1297, 3743, 3634, 224	3, 6, 12	Identiteta
18	2002	103	povprecen	615	2083, 4193, 4328, 4329, 4326, 4327, 4324, 4325, 1553, 4323	8, 10	V Ameriki
12	2001	130	povprecen	619	4355, 4359, 1216, 4358, 4357, 4356, 1143, 335, 4360, 4011	8	V pasti
29	1993	117	povprecen	12	1923, 905, 4362, 1010, 125, 4361, 4365, 4364	8, 10	Nespodobno povabilo
14	1999	78	slab	624	4400, 4401, 4402, 4403, 4404, 4406, 558, 3120, 4399	1, 11, 13	Inspektor Gadget
33	2001	108	slab	626	4419, 4417, 4416, 903, 4411, 4412, 4413, 4414, 4415	3, 8	Intacto
53	2002	97	povprecen	367	119, 3303, 4471, 515, 3003, 300, 4472, 4473, 1013, 2092	1, 2, 11	Jaz, vohun
26	2002	116	dober	653	971, 4559, 2543, 939, 4175, 4562, 1347, 4561, 4560, 134	3, 8, 12	John Q
11	2003	85	dober	128	3085, 4568, 1327, 4567, 4566, 962, 4565, 4564, 4563, 3754, 1469, 1538	1	Johnny English
73	1995	104	povprecen	577	1405, 2974, 2581, 2702, 1952, 4597, 4596, 4599, 4598, 2466, 4595	11, 13, 14	Jumanji
21	1993	117	dober	526	790, 1550, 4658, 4434, 4656, 4657, 4655, 4654, 2229	3, 12	Kalifornia
26	2003	89	dober	324, 664	1134, 4660, 2339, 4661, 771, 4659, 1069, 2297, 2840, 1759	1, 11, 13	Kenguru jack
32	1951	92	dober	667	4673, 4675, 4674, 4677, 4676, 4679, 4678, 4681, 4680, 4682	11	Kekec
27	1970	138	dober	669	4688, 4689, 4690, 4691, 4692, 4694, 143, 2435, 122	17, 1, 2	Kellyjevi junaki
12	2002	100	slab	674	4722, 4723, 2508, 4726, 4727, 4724, 4725, 4728, 4729, 3047	3, 10	Ubij me strastno
142	2005	144	dober	35	1718, 1486, 646, 4743, 1332, 1215, 1471	17, 2, 20, 11	Nebesko kraljestvo
10	2000	92	slab	679	4750, 4751, 38, 4757, 4756, 797, 4753, 4752, 4755, 4754	2, 11	Kraljevi strazar
11	2001	91	slab	685, 684	1081, 4778, 4779, 4776, 1327, 4777, 993, 163, 3566, 3470, 643	2, 3, 12	Grobijani
27	1990	115	povprecen	651	4799, 4798, 4800, 4801, 4802, 4803, 4804, 4805, 4806, 4807	2, 3	Nikita
36	2003	117	slab	644	655, 739, 619, 983, 3658, 4523, 3781, 4525, 2699, 4909, 4908, 4905, 4904, 4907, 4906	1, 10	Locitev po francosko
43	2001	96	povprecen	706	2065, 4931, 1917, 2780, 4932, 2397, 2074, 193, 555, 2079	1	Blondinka s Harvarda
72	2003	95	slab	707	2167, 1866, 1917, 2780, 4934, 2782, 4933, 4932, 4172, 2397, 193, 3185	1	Blondinka s Harvarda 2
10	2002	88	povprecen	728	4931, 5053, 5052, 5055, 5054, 889, 1737, 5056, 527, 1947	1, 12	Balada o modernem kavboju
83	2003	129	dober	738	1656, 2610, 1365, 1215, 2240, 3754, 895, 60	1, 10	Pravzaprav ljubezen
15	2001	107	dober	741	5096, 1374, 5097, 5098, 5099, 5100, 5101, 347, 1537, 5095, 3958	1, 12	Beg pa tak
58	1970	111	dober	388	5113, 5112, 5114, 854, 5105, 1228, 5104, 5107, 5106, 5109, 5108, 5111, 5110, 134, 5102, 5103, 2090, 122, 607	17, 1	M*A*S*H
36	1999	119	povprecen	747	6536, 767, 11036, 26, 11035	1, 22, 8	Clovek z lune
56	1982	92	dober	686	5178, 5176, 5177, 1748, 2387, 2384, 4926, 5175, 4307, 4306	1	Maratonci tecejo castni krog
59	1964	139	povprecen	574	5179, 5182, 5183, 5180, 5181, 5185, 5184, 5186	1, 13, 14, 15	Mary Poppins
10	2000	104	slab	752	625, 5208, 5209, 3072, 5205, 5206, 5207, 3349, 895	1, 10	Puncka, mogoce pa bo
23	2004	89	slab	754	4606, 5228, 3118, 5227, 5226, 5225, 3625, 5224, 3328, 944	3, 8, 11, 12	Zlobna struga
68	2002	88	povprecen	759	1221, 3286, 1113, 475, 3116, 645, 5258, 1124, 3805, 2671	1, 2, 18	Mozje v crnem 2
42	2000	123	povprecen	43	5333, 1352, 2419, 380, 995, 453, 554, 3125	2, 3	Misija: Nemogoce 2
25	2001	111	slab	468	2659, 1880, 199, 5356, 1010, 5354, 270, 5355, 5352, 5353	8, 10	Bal smrti
14	2005	0	slab	773	119, 1852, 5195, 5375, 525, 5374, 3324, 5377, 5376, 2904	1, 8, 10	Mozart in kit
376	2005	120	slab	774	1254, 4434, 472, 321, 5379, 5378, 5382, 5381, 379, 5380	1, 2, 3, 10	Gospod in gospa Smith
36	2001	145	dober	777	655, 2917, 547, 2237, 2518, 197, 5395, 945, 5396, 5397	3	Mulholland drive
45	2003	88	dober	439	3148, 4750, 1299, 5492, 4143, 1123, 5489, 1977, 5490, 5491	1, 2, 12	Drzavna varnost
86	1994	110	dober	47	5500, 577, 1550, 5496, 5497, 5498, 5499, 9139, 5042, 2254, 4361, 3789, 2992	2, 3, 8, 12	Rojena morilca
29	2004	125	povprecen	792	5511, 5514, 5515, 4849, 5512, 662, 5513, 5516, 5517	8	Ne gani se
47	2003	89	slab	332	5527, 5526, 2360, 1559	1, 18, 14	Grozljiva praznina
45	1999	124	povprecen	268	5531, 5189, 5530, 5529, 5528, 5534, 5533, 1061, 4618, 5532, 4871, 84, 632, 60	1, 10	Notting Hill
31	2000	110	slab	582	2615, 1657, 2254, 733, 1921, 5543, 3698, 4242, 2857, 1137	1, 10, 12	Betty
18	1994	102	slab	801	323, 1086, 5151, 5580, 1010, 5578, 3634, 5579, 5576, 5577	2, 11	Aljaska v plamenih
45	1984	139	dober	477	4164, 3946, 2542, 731, 4148, 939, 5582, 1724, 5581, 3213	8, 12	Bilo je nekoc v Ameriki
26	1968	159	dober	477	5591, 5128, 5590, 5588, 5586	2, 19	Bilo je nekoc na Zahodu
11	2003	96	povprecen	807	1339, 323, 5637, 5636, 5639, 5638, 5633, 5632, 5635, 5634	2, 12	Mascevalec
22	1981	109	slab	96	2659, 3083, 4726, 5656, 5657, 1188, 5653, 5654, 5655	2, 18, 3	Skrivnost Jupitrove lune
10	1969	166	povprecen	813	5386, 5676, 5675, 2730, 5674, 5673, 143, 5672, 5671, 5670	1, 19, 15	Pobarvaj si voz
37	2002	112	dober	51	5679, 5678, 551, 5677, 855, 190, 1848, 277, 1245, 2739, 3700	3, 12	Soba za paniko
48	2003	119	dober	43	327, 1626, 1206, 5543, 1006, 5701, 5700, 1977, 5703, 1721, 5702	2, 18, 3	Placilo
10	2002	100	slab	821, 820	4147, 1185, 5707, 5706, 5708, 2660, 886, 3173, 4153, 88	8, 12	Ljudje, ki jih poznam
30	2002	80	povprecen	14	373, 4002, 5730, 3698, 3324, 5729, 5728, 5725, 80, 5726, 5727, 1245, 121	2, 3	Telefonska govorilnica
156	2003	143	dober	825, 824	2899, 5738, 5737, 5740, 3482, 5340, 1486, 1365, 1296	1, 11, 14	Pirati s Karibov: Prekletstvo crnega bisera
13	1987	93	povprecen	457	865, 5743, 4601, 5742, 3373, 764, 5741, 781, 3111, 3333, 3184	1, 8	Letala, vlaki in avtomobili
33	2005	102	povprecen	840, 841	4296, 2073, 2136, 1014, 5838, 5839, 5841, 5840, 5843, 1119, 5842, 5845, 5844, 2592, 5847, 5846, 4241, 4581, 5445, 2758	1, 16, 11, 13	Hitra zebra
121	1988	133	dober	162	3479, 1952, 5849, 5848, 5851, 453, 5850, 5853, 5852, 2136	8	Rain man
41	2004	119	povprecen	483	5856, 5857, 4296, 4177, 4120, 739, 2999, 5855, 672, 5854	1, 10	Helenca na preizkusnji
48	2002	125	dober	843	3099, 5879, 2188, 3624, 380, 280, 646, 451	3, 12	Rdeci zmaj
33	2000	107	povprecen	846, 845	81, 1488, 5883, 5882, 433, 2965, 5886, 5885, 5339, 378, 5884	2, 3, 18	Rdeci planet
14	2000	104	slab	847	5903, 5902, 5901, 5900, 5899, 4449, 3391, 1006, 2176, 5583	2, 3, 12	Rop stoletja
22	2000	113	dober	848	971, 5052, 5663, 4296, 2554, 2131, 3132, 1009, 5904, 5905	16, 8	Ne pozabite velikanov
11	2001	132	slab	851	5933, 478, 5934, 939, 396, 4121, 780, 2292, 5489, 1378	22, 8	Fantje mojega zivljenja
15	1959	141	dober	412	5948, 5949, 5950, 3007, 5951, 5944, 5945, 5946, 5947, 4105, 1433	2, 19, 11	Rio Bravo
37	2005	91	povprecen	608, 609	2615, 1017, 1880, 2780, 5970, 5971, 2466, 5969, 5974, 5975, 5972, 5973, 1422	21, 13	Roboti (sinhronizirano)
19	2000	110	povprecen	325, 857	5993, 5992, 3645, 5995, 5827, 2301, 5994, 2305, 1682, 2297, 5991	3, 11, 12	Romeo mora umreti
15	2000	128	dober	862	1221, 5332, 4213, 4614, 3264, 6016, 127, 1710, 1638, 2758	3, 8	Trenutek odlocitve
18	1999	116	slab	483	1135, 84, 6020, 6021, 6019, 4120, 212, 1229, 2176, 3331	1, 10	Pobegla nevesta
21	1985	118	povprecen	47	939, 769, 1110, 6044, 6043, 6042	17, 2, 8	Salvador
11	1949	105	slab	866	1442, 6048, 6049, 6050, 6051, 6047, 6046, 6045, 1433, 1997	17, 2	Pogum Iwo-Jime
37	1977	114	dober	396	6052, 6053, 6054, 6055, 6060, 214, 6056, 6057, 6058, 6059	7, 8, 10	Vrocica sobotne noci
38	2001	112	dober	300	2066, 6065, 6064, 472, 6066, 6061, 6062, 6063, 2807	7, 8, 10	Prihrani zadnji ples
51	2004	100	dober	868	985, 5879, 6086, 6087, 4569, 6085, 6088, 1348, 6089, 2529	3, 6	Zaga
51	2003	84	povprecen	57	2543, 6103, 3282, 2297, 2309, 6107, 6106, 6105, 6104, 6111, 6110, 6109, 6108, 6112, 2659, 5071, 2867, 5137	1	Film, da te kap 3
60	2004	93	povprecen	585	2659, 290, 1081, 800, 1207, 4000, 1601, 6125, 6126, 6127	1, 11, 13, 14	Scooby Doo 2 - Posasti na prostosti
22	1996	111	slab	875	478, 289, 800, 6151, 1522, 6150, 6153, 1574, 6152, 30	3, 6	Krik
70	2004	96	povprecen	878	6164, 6165, 6166, 748, 1041, 43, 2091, 5804, 1296, 124	3, 6	Skrivnostno okno
28	2002	99	slab	883	1255, 2761, 1169, 6192, 252, 6193, 2765, 2043, 1841, 2180	1, 10	Poziv za Saro
21	1997	139	dober	425	6194, 6195, 6198, 4434, 3145, 4134, 6196, 6197, 3308, 1740, 1471	17, 20, 22, 8, 11	Sedem let v Tibetu
39	2000	99	slab	97	3101, 547, 5508, 2715, 127, 963, 902, 3309, 198, 61, 897	2, 3, 11, 12	Shaft
16	2000	110	povprecen	890	1153, 6247, 6246, 6245, 909, 6244, 6243, 6242, 1013	1, 2, 19	Opoldanski obracun
136	2004	92	dober	903, 902	5179, 1152, 515, 976, 1079, 6310, 6308, 4399, 2600, 6309	1, 21, 13, 14	Shrek 2
17	2002	117	slab	905	1000, 789, 369, 6319, 886, 6323, 6322, 6321, 6320, 5786	1, 8	Simone
13	2004	104	slab	911	5265, 4750, 2373, 6357, 6356, 2027, 6358, 5259, 6355, 6354	2, 3	Armagedon 666
20	2001	158	dober	918	6433, 6432, 6435, 6434, 6426, 6427, 6430, 6431, 6428, 6429	17, 8	Koraki v prostost
45	2002	99	slab	798	4723, 580, 6437, 6436, 6439, 1205, 6438, 2784, 3246, 6159	18, 8, 10	Solaris
12	2001	96	slab	926	1000, 6517, 5873, 6518, 6519, 1113, 6208, 876, 6520, 6521, 5127	1, 10	Zaupno o seksu
13	2003	116	slab	935	2509, 6571, 1035, 1611, 6572, 6573, 173, 6574, 6575, 2742	2, 12	Bancni ropar
32	1986	119	slab	937	5739, 6584, 187, 1003, 6587, 6589, 6588, 454, 4383, 6583	2, 18, 11	Zvezdne steze IV: Pot domov
28	1991	113	slab	448	5739, 187, 3930, 454, 4383	2, 18, 11	Zvezdne steze VI: Neodkrite dezele
33	1996	113	dober	296	1265, 6210, 6596, 2246, 6597, 6594, 6595, 6592, 896, 6593	2, 18, 11	Zvezdne steze: Prvi kontakt
27	1994	118	povprecen	939	6584, 187, 6596, 2246, 6597, 6594, 300, 6595, 4383, 6592, 6593	2, 18, 11	Zvezdne steze: Generacije
51	2002	143	povprecen	940	6606, 1912, 5004, 1551, 6605, 2113, 127, 1422	2, 18, 11	Vojna zvezd: Epizoda II - Napad klonov
37	2004	101	povprecen	94	1524, 1254, 1550, 5845, 6632, 699, 5439, 2771, 6631, 1013	1, 2, 12	Starsky in Hutch
21	1951	101	slab	84	5521, 6688, 6684, 6685, 6686, 6687, 6680, 6681, 6682, 6683	3, 12	Hitchcockova zbirka - Tujec na vlaku
26	1999	84	povprecen	953	1405, 6692, 1287, 4534	21, 13	Misek Stuart Little
55	2002	109	povprecen	123	669, 1668, 1324, 77, 196, 4462, 193, 6766, 74, 6765	1, 10	Melanie se poroci
55	2003	102	slab	58	262, 3916, 6788, 416, 6782, 6784, 6785, 6783, 6786, 6781, 6787	3, 8	Bazen
28	2003	110	slab	969	153, 307, 6792, 6793, 6794, 5241, 6791, 2889, 1164	22, 8, 10	Sylvia
34	2004	97	povprecen	452	984, 5360, 1263, 6835, 2804	2	Taxi
123	1991	136	dober	30	1626, 6861, 665, 6862, 1204, 6863	2, 18, 3, 11	Terminator 2: Sodni dan
96	2003	109	povprecen	981	426, 6861, 4358, 1204, 6865, 6864, 6867, 3927, 4474	2, 18, 3	Terminator 3: Vstaja strojev
23	1983	132	povprecen	925	51, 1406, 767, 618, 6869, 6868, 6871, 673, 811	1, 8, 10	Cas neznosti
21	2001	90	dober	985	6907, 6906, 909, 6905, 6904, 6908, 6903, 6902	1, 2, 3	Nakljucni vohun
22	2000	117	povprecen	444	713, 3182, 6935, 1, 444, 3084, 3264, 122, 6936, 6817	2, 3, 11	Sam proti vsem
50	2000	114	slab	85	6949, 6948, 1839, 6947, 6946, 417, 559, 5669, 3837	3, 8, 11	Obala
17	2001	98	povprecen	994	6951, 6950, 519, 5409, 6956, 6953, 6952, 1706, 6955, 6954	8	Vernik
15	2003	94	slab	999, 998	4556, 2406, 959, 882, 6961, 6962, 4695, 6963, 859, 945, 5127, 1470	1, 18, 8	Velika praznina
51	1999	87	povprecen	1003, 1002, 1004	6983, 6987, 6986, 6985, 5047, 6984, 6991, 6990, 6989, 6988	3, 6	Carovnica iz Blaira
62	1992	130	povprecen	727	6994, 6995, 6992, 6993, 3002, 144, 2075, 4910, 2517	3, 8, 10	Telesni strazar
20	2004	95	slab	1013	274, 905, 3207, 189, 7046, 7047, 1043, 1392, 672	3, 8	Grozljiva jasa
20	1994	121	dober	14	1221, 137, 2658, 2232, 7048, 7049, 1009, 6850, 1089, 894, 329	3, 8, 12	Klient
16	2001	103	slab	125	4783, 2134, 5983, 923, 5223, 7076, 7077, 1228, 7078, 7079, 7075, 1360, 5899, 458	1, 12	Skorpijonovo prekletstvo
21	2001	106	povprecen	1023, 97	7144, 687, 3131, 686, 512, 163, 2263, 3633, 1496, 7143, 105, 1045, 688, 689, 2392	2, 12	Hitri in drzni
22	1996	98	povprecen	1025	924, 2854, 2657, 547, 5983, 3172, 2074, 983, 7158	1	Klub vrazjih babnic
10	2004	91	dober	1027	1374, 6081, 7167, 7169, 3835, 7168, 7171, 7170, 7173, 7172	8	Navijaska norija
29	2000	112	slab	930	2615, 119, 6539, 4215, 1699, 80, 1175, 4393, 2844, 1197	3, 8	Dar
51	1990	162	dober	131	1116, 924, 2236, 886, 7212, 7218, 5170, 7219, 4669, 7220	8, 12	Boter III
36	1986	94	slab	1033	7226, 6194, 7227, 7224, 2320, 7225, 262, 515, 7222, 7223, 6817, 7221	1, 2, 11, 14	Zlati otrok
84	1966	171	dober	477	7241, 7240, 143, 7242, 7237, 7239, 4669, 7238, 3380, 3382	2, 19, 11	Dober, grd, hudoben
17	1974	137	povprecen	1036	6468, 905, 7252, 5823, 7063, 3127, 7249, 7250, 7251	8, 10	Veliki Gatsby
115	1999	188	dober	1037	1913, 2702, 5510, 2249, 1952, 7253, 7254, 2844, 1840, 1014, 643, 896	8, 12, 14	Zelena milja
63	2002	114	dober	203	3706, 1222, 1304, 618, 349, 4474, 3632, 1834, 560, 7306, 7307, 7308, 7309, 61, 1789	8	Ure do vecnosti
41	1990	134	dober	164	1915, 2447, 7317, 7319, 7318, 7320, 1063, 3083, 697, 2399, 2517, 1723, 2183	2, 3, 11	Lov na rdeci oktober
13	1999	146	dober	362	5402, 971, 1627, 547, 173, 6405, 7321, 6476, 2046, 4664, 6205	8	Hurikan
12	2002	94	povprecen	1045	?	1	Vazno je imenovati se Ernest
50	2004	115	dober	1048	?	1, 21, 13	Neverjetni (Sinhronizirano)
13	2003	98	slab	1051, 1050, 1052	1500, 7325, 7324, 7327, 7326, 7330, 7331, 669, 154, 7328, 7329, 6209, 5443	1, 8	Druzinske vezi
83	2005	136	dober	133	8940, 6, 1008, 1553, 1422, 1470, 1014	2, 18, 11	Otok
65	2003	111	povprecen	19	1081, 1641, 2238, 7334, 5899, 7332, 7333, 199, 646, 1892, 122	2, 3, 11, 12	Italijanska misija
28	2000	100	povprecen	625	6022, 1668, 272, 4286, 1007, 5618, 3565, 4172, 7340, 5854	1, 8, 13, 14	Mulc
10	2001	131	dober	816, 1014	372, 5469, 7351, 7350, 905, 1682, 7349, 7353, 7352, 2168	2, 8, 11	Poslednja bitka
39	1994	90	dober	953, 1056	7372, 2073, 558, 798, 3430, 1332, 7369, 3754, 7370, 2183, 7371	21, 13	Levji kralj
34	1960	128	dober	1060	7398, 5590, 7399, 7397, 4847, 4669, 7400	19, 11	Sedem velicastnih
22	2003	95	slab	1062	7435, 7434, 7433, 7432, 7437, 7436, 7427, 7426, 7425, 7424, 7431, 7430, 7429, 7428	6, 8, 12	Druzina Manson
135	1999	136	dober	1064, 1063	7450, 1119, 7448, 7449, 1699, 433, 992, 7446, 7447	2, 18, 3	Matrica
30	2000	122	slab	245	580, 2885, 859, 2176, 3465, 367, 1639, 1515, 7462, 4010	3, 8	Hotel milijon dolarjev
15	1990	90	povprecen	1068	7480, 7481, 7482, 7483, 7476, 7477, 7478, 7479	11, 13, 14	Nedokoncana zgodba 2
77	2000	164	povprecen	876	565, 625, 1216, 1487, 7524, 2176, 540, 270, 1639	17, 2, 20, 8	Patriot
146	2002	150	dober	485	7554, 7548, 7549, 7550, 7552, 7553, 1493, 7551, 2884, 7547, 6217	17, 22, 8	Pianist
19	2001	124	dober	1049, 1081	7603, 882, 731, 7602, 7605, 7604, 988, 7606, 4106, 646	3, 12	Obracun
33	1995	107	slab	1083, 1084	7622, 7623, 7620, 7621, 580, 855, 5195, 7628, 7629, 7626, 7627, 7624, 7625, 563, 6208, 6664	1, 8, 10	Tajnica
18	2001	111	dober	493	941, 1410, 1686, 4297, 2236, 3460, 7730, 6125, 4874, 7728, 7729	3	Usodni molk
34	2005	118	slab	1098	3203, 990, 7736, 7734, 144, 7735, 7733, 5786	1, 8, 10	Jezne in zaljubljene
45	2004	108	povprecen	904	564, 7738, 7739, 368, 2884, 7737, 261, 1025, 1026, 4011, 2654	3, 8	Vas ob gozdu
20	1999	97	dober	733	2974, 7742, 7532, 7740, 5004, 7741, 3298, 767, 939, 525, 1723	8	Deviski samomori
16	2000	130	povprecen	810	4355, 7752, 1641, 4195, 1834, 1489, 22, 1205, 4308, 7751, 7750	2, 11	Vihar vseh viharjev
17	2003	115	povprecen	1006	373, 7787, 7786, 7785, 7784, 7704, 7790, 7789, 7788, 886, 213, 2295	2, 3, 12	Rekrut
13	2001	110	povprecen	580	1307, 2307, 153, 1917, 699, 697, 1348, 863, 876, 1013	1, 8	Velicastni Tenenbaumi
13	1997	116	dober	343, 342	7802, 7803, 7801, 7804, 1473, 2495, 1247, 5533, 3125, 378	2, 3, 10	Svetnik
24	2001	111	povprecen	280	274, 1304, 5527, 1175, 126, 434, 7850, 1723, 1394, 4618	8, 10	Ladijske novice
20	2003	88	slab	1124, 1123	2065, 3813, 7880, 7881, 976, 7882, 1501, 7883, 7884	1, 10	To sladko bitje
39	2002	94	povprecen	836, 1085	7923, 7922, 4384, 7921, 4963, 7920, 7924, 7918, 1892, 7919, 1496	2, 3, 12	Prenasalec
51	1998	103	dober	500	4723, 1409, 7927, 7926, 7925, 349, 26, 7928, 1722, 2240, 2079	8, 14	Trumanov show
33	2002	99	dober	1132, 1133	909, 3609, 7931, 1487, 7930, 1261, 7929, 367, 7933, 7932	1, 2	Smoking
11	2001	92	slab	1142, 1141	7960, 7958, 7959, 7956, 300, 7954, 7955, 1876	18, 3	Crna luknja
60	2001	103	povprecen	239, 714	7584, 2033, 4067, 1760, 564, 4270, 868, 7316, 530, 129	1, 10	Nacrtovalka porok
28	2004	89	slab	1116, 1115	7086, 374, 7087, 7811, 7820, 7821, 7822, 7823, 7089, 7088, 7818, 5991, 7819	2, 10, 11, 14	Beli zmaj
31	1939	101	dober	527	7863, 7862, 7861, 2914, 2161, 7864	11, 13, 14, 15	Carovnik iz Oza
15	2001	98	povprecen	1125	7889, 7891, 624, 7890, 323, 1488, 993, 3566, 7561	2, 3, 12	Glasba smrti
12	2002	101	slab	1077, 1076	7888, 7575, 7574, 7573, 1419, 3922, 7576, 1638, 7886, 7887	8, 10	Glasovi iz pretekosti
15	2003	102	povprecen	1136	4871, 2419, 2418, 7941, 7940, 7939, 7938, 4399, 7937, 5095	20, 8	Ubiti kralja
13	1982	119	povprecen	121	7966, 4404, 2678, 488, 876, 2136, 1287, 1421, 1455	1, 10	Tootsie
16	1983	118	povprecen	307	2034, 7977, 7976, 458, 7979, 7978, 4373, 515, 2606, 7975	1	Kolo srece
85	1996	89	dober	85	1642, 1479, 7983, 7982, 2802, 3091, 5669, 2689, 7984, 1422	1, 8, 12	Trainspotting
17	1969	127	dober	921	8030, 8031, 8028, 2221, 8029, 4284, 6464, 993, 1433, 134	19, 8, 11	Pravi pogum
21	2003	110	dober	1158	982, 11960, 10792, 11961, 11962	5, 7	Tupacovo vstajenje
13	2001	90	slab	1159	8043, 8042, 8045, 8044, 6944, 1131, 5876, 2297, 1211, 825	1, 10	Igra za dva
31	2000	107	povprecen	904	6847, 1007, 3390, 127, 7202, 3188, 8051, 8052, 690, 8053, 5457	3, 8, 14	Nezlomljivi
70	1992	126	dober	17	1307, 4214, 8087, 3691, 8086, 733, 143, 3874, 8088, 7056	19, 2	Neoprosceno (Posebna dvojna izdaja)
18	1998	108	dober	511	8134, 939, 8132, 8133, 6646, 4853	2, 3, 6	Vampirji
155	2004	132	povprecen	1179	4663, 5704, 8151, 5363, 8150, 1473, 8149, 8148, 8152, 5370	2, 3, 6, 11, 14	Van Helsing
23	2002	98	slab	1180	8160, 8161, 8162, 8163, 5925, 8155, 8159, 8158, 8157, 8156	3, 8	Varuh meje
15	2004	125	povprecen	1181	8172, 8173, 8174, 8175, 8177, 8176, 8179, 8178, 8181, 6999, 8180, 8183, 8182, 6668	8, 12	Vera Drake
25	2001	100	povprecen	265	8211, 8210, 8209, 8208, 6946, 8212, 635, 2137, 8207, 91	2, 3, 12, 14	Vidocq
29	1995	106	slab	1191	971, 8224, 8225, 8226, 2542, 1914, 1489, 350, 8152, 3152	2, 18, 3	Navidezna resnicnost
13	2002	91	slab	314	8227, 2719, 8228, 5899, 8229, 8230, 5492, 1010, 1513, 1060	1, 10	Skrivna afera
25	2004	87	povprecen	1193	729, 8231, 8232, 4447, 8233, 5074, 2740, 7764, 4700, 3805	2, 12	Cistka
22	2003	117	dober	1194	?	20, 5, 9	Sprehod z jamskim clovekom
77	2005	85	povprecen	1195, 1196	8241, 8240, 8243, 8242, 5117, 8245, 8244, 3624, 1419, 8239	1, 21, 13	Wallace in Gromit: Prekletstvo Strahouhca
123	2005	117	slab	136	1135, 6809, 2141, 1711, 3345, 961, 453, 3669, 1012, 8252	2, 18, 8, 11	Vojna svetov
10	2003	120	slab	1200, 1199	8262, 8263, 8261, 5313, 8266, 8264, 8265	2, 11	Bojevniki neba in zemlje
20	1993	95	slab	1203	8279, 8275, 771, 1079, 1257, 5026, 363, 8280, 6817	1, 7	Waynov svet 2
14	2000	113	slab	661	8288, 2765, 5966, 6558, 4724, 8290, 8291, 8286, 196, 656, 2427	3	Morje smrti
58	2002	101	dober	1209	8295, 8300, 8301, 8302, 6612, 8296, 8297, 8298, 741, 8299	8, 13	Legenda o jezdecu kitov
58	2003	105	dober	652	1656, 2163, 8305, 8304, 8307, 8306, 5340, 557, 5969, 8303, 7109	1, 13	Kar si dekle zeli
28	2000	130	dober	318	772, 1626, 512, 5395, 3345, 994, 2062, 8315, 4141, 8314	3, 6	Potopljene sence
45	2000	126	dober	919	564, 854, 8317, 8316, 335, 8318, 73, 3092, 1639, 5232, 1360	1, 10	Kaj zenske ljubijo
31	1954	120	povprecen	42	8335, 8338, 8339, 8336, 4123, 8337, 8342, 8343, 8340, 8341	1, 10, 13, 15	Beli bozic
37	1999	107	slab	759	3131, 5840, 3475, 504, 5003, 1124, 8387, 914, 8386, 8385	1, 2, 19, 18	Divji, divji zahod
24	2004	98	slab	726	8399, 8398, 1081, 800, 8404, 8405, 8402, 8403, 8400, 8401	1, 11	Stari, kje je veslo
43	2002	124	dober	1023	7313, 3675, 8132, 1069, 163, 8440, 8441, 8442, 127, 5583, 8437, 8438, 8439	2, 11, 12	Trojni X
26	2004	95	dober	1228	8467, 8466, 8469, 8468, 8471, 8470, 8473, 8472, 3259, 8475, 3257, 8474, 8477, 8476, 8478, 4585, 4581, 2393	7, 8	Ulicni ples
29	1964	133	povprecen	1231	8516, 4034, 8512, 1086, 8513, 8514, 8515, 4206, 8511, 1377, 8510	17, 2, 20, 8	Zulu
59	2001	89	dober	1120	83, 3102, 1008, 2312, 2293	1, 21, 13	Posasti iz omare
27	1946	?	dober	819	3748, 5390, 7486, 9692, 7403	8	Cudovito zivljenje
39	2004	140	slab	603	2627, 8182, 1040, 193, 9690, 9691	8, 10	Semenj nicevosti
27	2004	?	povprecen	1379	9576, 9577, 9489, 9575, 9488	8	Marija milosti polna
17	2002	90	slab	1369	2935, 9491, 9490, 9493, 9492, 9495, 9494	8	Selestenje
21	1985	85	dober	1350	9605, 9607, 9606, 9609, 9608, 9611, 9610, 9612	10	Poletje v skoljki
41	2003	?	dober	1390	6344, 3465, 3894, 8077, 2427	8	Moje zivljenje brez mene
16	2003	105	povprecen	1403	4815, 9693, 9694, 9695, 12842	8	Vrnitev
22	1997	124	dober	810	7313, 2204, 3357, 1219, 1726, 619, 5834, 994, 1392, 7341	2, 3, 11	Ugrabitev
18	1991	92	dober	1234	7131, 8529, 8528, 8530, 2698, 387, 8525, 8526, 8527, 2894, 6765, 5430	1, 13	Vse kar si zelim za bozic
16	2003	80	povprecen	1238, 1239, 1070, 144	6128, 1070, 6012, 498, 2046, 1075, 8558, 1074, 8556, 8557, 8554, 8555, 1078, 1077, 1076	21, 13, 14	Atlantida: Milo se vraca
18	2002	102	povprecen	452	1255, 8564, 8563, 680, 2297, 321, 972, 1176, 997, 2807	1	Brivnica
50	1984	105	dober	515	7622, 8591, 1188, 515, 507, 4408, 8592, 8593, 815, 5399	1, 2, 12	Policaj z Beverly Hillsa
45	2001	95	povprecen	1247	8619, 3716, 1216, 8062, 8621, 8620, 1123	1, 11, 14	Crni vitez
34	2002	109	povprecen	1250	8635, 8638, 8636, 8637, 355, 1263, 1194, 199, 6958, 5905	1, 10	Hip-hop ljubezen
15	1995	82	slab	1263	8726, 8732, 5237, 845, 8728	3, 6	Predor
32	1995	111	dober	341	1307, 971, 152, 372, 8736, 8735, 2174, 1043	17, 2, 3, 11	Skrlatna plima
22	1988	110	povprecen	1264	8740, 8741, 2322, 2327, 4813, 157, 8737, 8738, 2325, 8739, 3361, 124	1, 11	Krokodil Dundee 2
10	2004	125	slab	544	7257, 5003, 3085, 4715, 5340, 2689, 8782, 2655, 8781	7, 22, 8, 10, 15	De-Lovely
21	2001	124	slab	1270	1391, 903, 8795, 8794, 8793, 8792, 41, 8798, 8797, 8796	2, 20, 11	Druidi
20	1999	123	slab	96	4575, 1870, 6209, 1204, 530, 1040, 8827, 8826, 6476, 8829, 8828, 8830	2, 6, 14	Zacetek konca
13	2002	94	povprecen	1273	4750, 7895, 2774, 240	6	Ogrozena vrsta
42	1994	112	dober	556	3656, 8879, 6405, 1264, 6465, 24, 7940, 8880, 8881, 3754, 8882, 60	1, 8, 10	Stiri poroke in pogreb
14	2003	87	dober	1284	5961, 8529, 4238, 8929, 8931, 8930, 8933, 8932, 8935, 8934	1, 13	Ljubljenec iz vesolja
30	2005	95	dober	1391	?	5	Popotovanje cesarskega pingvina
17	1992	134	slab	345	51, 8994, 767, 8995, 1326, 1834, 1683, 5599, 6850, 8918	22, 8, 12	Hoffa
50	2000	116	povprecen	459, 458	9135, 565, 1657, 2237, 2297, 1904, 26, 9138, 9136, 9137	1, 11, 12	Jaz, Irene in jaz
22	2004	79	dober	1326, 1327	1153, 9163, 9162, 9165, 9164, 9167, 3883, 9166, 2651, 2471	21, 13	Mulan 2
12	1999	95	dober	705	4960, 4646, 1610, 5135, 2382, 589, 4956, 9189, 8220, 9188	17, 8	Nebeska vaba
10	2003	112	slab	1332	9210, 9211, 9209, 9214, 9215, 9212, 9213, 9218, 9219, 9216, 9217, 9220	6	Klic smrti
36	1990	108	slab	228	9256, 9257, 9258, 2248, 1348, 1382, 663, 6290, 8675, 2773, 708	2, 18, 3	Predator 2
10	2001	98	povprecen	?	9273, 9272, 9275, 9274, 9277, 9276, 7, 9271, 9270	8	Zasebno zivljenje
13	1993	125	dober	1341	1, 3083, 444, 3949, 6944, 1326, 9301, 280, 1740, 5026	3, 8, 12	Vzhajajoce sonce
66	1976	115	slab	1344	2148, 9192, 7212, 9031, 9316, 9317, 9318, 9319, 2348, 9254, 9314, 9315	16, 8, 10	Rocky
58	1968	131	povprecen	485	4128, 5823, 7975, 5745, 9331, 7091	3, 6	Rosemarijin otrok
12	2004	89	dober	1349	1402, 6561, 8344, 9366, 9367, 9370, 9371, 780, 9368, 9369, 9374, 9372, 9373	1	Pizama zur
11	1987	96	dober	1169, 1354	764, 9385, 9384, 1693, 9387, 2591, 9386, 571, 7714, 5972	1	Vesoljska jajca
16	2003	90	slab	469	9415, 9414, 9413, 9412, 9411, 9235, 9419, 9418, 9417, 9416	17, 8	Price
17	1976	102	povprecen	485	9428, 9429, 6361, 9427, 2578, 382	3	Podnajemnik
18	1991	107	povprecen	1362	8860, 1923, 2970, 1870, 618, 2398, 2891, 736, 9434, 9435	1, 10, 14	Mesarjeva zena
53	2003	82	slab	1363	6844, 9441, 9440, 9442, 1875, 557, 1012, 499, 457, 697, 9438, 9439, 9436, 9437, 1079, 5854	1, 11, 13, 14	Macek v klobuku
10	1999	75	dober	1327, 1365	?	21, 13	Levji kralj 2 - Simbin ponos
27	2003	93	dober	1366	1884, 1951, 3328, 3726	1, 7, 13	Lizzie bo popstar
139	2001	178	dober	1057	1912, 476, 2815, 1039, 6840, 1011, 2077, 7386, 152, 9480, 9481, 7448, 9482, 867, 1486, 9476, 9477, 240, 9478, 9479	2, 11, 14	Gospodar prstanov - Bratovscina prstana
11	2004	90	povprecen	1371	9512, 6, 697, 2661, 8556, 9510, 9511, 7343, 2031, 2046, 9509	21, 13	Spuzvak Robi kvadrohlac
25	2004	87	povprecen	1375	1134, 1405, 9535, 81, 3373, 1233, 9534, 199, 9536	8	Prepovedan dotik
10	2002	95	povprecen	55, 54	1070, 9556, 9553, 9552, 895, 9555, 9554, 4421, 9551, 6930, 782, 3107, 7062, 2786	21, 13, 14	Planet zakladov
29	2002	90	povprecen	694	747, 5502, 9567, 4213, 2629, 2495, 1143, 1026, 2074, 6327, 9568, 9569	8, 10, 14	Brezsmrtna ljubezen
10	2004	87	slab	1381	9595, 1310, 3001, 9594, 9593, 9592, 4695, 9591, 9590, 9589	8	Kurba
13	1963	107	dober	1022	8927, 7134, 9724, 7126	1	Carobni napoj Dr.Jerryja
22	2004	0	dober	1416	1610, 4896, 9734, 9405	1	Ko bom velik bom kenguru
19	1992	161	slab	1414	1101, 9726, 9727, 2227	18, 3	Nepovabljeni
25	2005	89	povprecen	711	9730, 9731, 9728, 4956, 6339, 9729	1	Mi se vedno nismo angeli
17	1999	88	dober	1418, 92	?	21, 13	Tarzan
12	2001	113	slab	353	2375, 3874, 9745, 9744	17, 2	Vrnitev
40	1980	129	dober	73	4164, 731, 830, 3093	16, 22, 8	Pobesneli bik
20	1989	101	dober	628	7622, 731, 1923, 5602, 656, 3841	1, 12	Mi nismo angeli
16	2002	50	povprecen	1427	13363, 13364	5	Piramida - domisljija, ki je postala resnicnost
27	1954	113	dober	934	3556, 1815, 1830	1, 10	Sabrina, 1954
15	2004	113	dober	1268	2353, 1118, 8769, 3172	9	Seks v mestu (6. sezona) - disk 1
15	2004	113	dober	1268	2353, 8769, 1118, 3172	9	Seks v mestu (6. sezona) - disk 2
13	2004	99	slab	1140	7951, 1494, 7952, 7953	2, 11	Srebrna strela
13	2005	96	povprecen	649	7829, 323, 5240, 9108, 9107	2	Potopljeni
16	1995	108	povprecen	944	?	18, 21, 9	MTV's Aeon Flux - Animirana zbirka - Disk 1
11	1995	104	povprecen	944	?	18, 21, 9	MTV's Aeon Flux - Animirana zbirka - Disk 2
18	1996	176	dober	32, 31	252, 700, 251, 1173, 1174, 828	9	Prijatelji  (Sezona 2) - disk 2
17	2000	100	dober	161, 160	1170, 1171, 250, 1172, 562	17, 2, 9	Bratje po orozju - disk 4
20	1996	176	dober	32, 31	252, 700, 251, 1173, 1174, 828	9	Prijatelji  (Sezona 3) - disk 2
17	2000	168	dober	161, 160	1170, 1171, 1172, 250, 562	17, 2, 9	Bratje po orozju - disk 5 + Bonus disk
18	1987	84	povprecen	1436	1881, 4179, 7760, 7761, 7762, 2772, 7006, 7714, 1455, 9762, 9763	1	Policijska akademija 4 - Mescani na strazi
14	1984	80	dober	1025	2353, 4179, 7761, 9766, 9767, 7006, 2772, 7715, 7714, 1455, 7713	1	Policijska Akademija 6 - Oblegano mesto
96	1959	212	dober	775	1375, 7694, 9768, 9769, 1377, 1379	20, 8, 11	Ben-Hur
73	1988	181	povprecen	1445, 1446	9785, 6775, 9784, 4037, 9782, 5891	2, 3, 11, 12	Bournova  identiteta (1988)
26	1971	100	povprecen	1447	9791, 9790, 4072, 9792, 1603	1, 7, 13, 14	Willy Wonka in tovarna cokolade
11	1984	93	slab	1322	2310, 143, 7795, 8692, 2671	2, 3, 12	Vrocina v mestu
22	2004	106	povprecen	1454	1306, 9827, 9828, 9829, 9830	1, 10	Lov za svobodo
15	2000	86	slab	1455	5589, 474, 5587, 5600, 3712, 3392	2, 3, 9, 12	Begunec: Zasledovanje se nadaljuje
20	1984	106	slab	974	2287, 2286, 2285, 7203, 2288	7, 8	Skrlatni dez
65	1993	108	povprecen	329	9859, 4, 9855, 9856, 4875, 2545, 7280, 3392	8, 11, 13	Moj prijatelj Willy
22	2004	93	povprecen	1458	3475, 9851, 9852, 3375, 1176, 2425, 3911, 3392	1, 2, 12	Po soncnem zahodu
15	1970	216	dober	1459	9860, 9853, 9858, 9857, 9854, 585	5, 7	Woodstock
15	1986	125	dober	17	6213, 143, 4047, 9865, 9864	17, 2, 8	Rojeni vojak
32	2004	77	povprecen	634	1294, 244, 9866	8, 10	Pred soncnim zahodom
27	1992	97	povprecen	491	2034, 1626, 1039, 3877, 1639	18, 8, 11	Vecno mlad
27	1999	126	povprecen	118	4251, 2886, 3390, 144, 6044, 3956	8, 10	Ljubezen v steklenicki
72	2004	87	dober	652	9908, 9906, 9907, 4224, 209	1, 11, 13	Smrklji v New Yorku
15	1992	120	povprecen	428	4750, 1206, 2204, 321, 212, 88	3, 8, 10	Koncno stanje
28	1997	86	slab	1470	9856, 5295, 9913, 9914, 7728, 9915	8, 11, 13	Moj prijatelj Willy 3
22	1986	90	slab	1049	865, 1693, 6939	1, 18, 6, 15	Mala prodajalna grozot
40	2005	110	povprecen	1137	1401, 2782, 4293, 128	1, 2	Lepotica pod krinko 2
26	1998	110	dober	771	2613, 483, 3469, 15	8, 10	Mesto angelov
34	1980	128	povprecen	307	458, 6047, 7044, 9950, 9951, 9949	1, 2, 15	Brata Blues
63	1987	112	dober	40	6039, 3199, 853, 5151, 1382, 6851, 3701	17, 2, 8	Popolna bojna oprema
10	2003	86	slab	1477	9953, 1048, 5469, 4328, 1128	16, 8	Nepremagljiv
13	1931	85	slab	1478	3798, 9959, 3799, 381, 9960, 6528	3, 8, 10	Mata Hari
24	1954	98	povprecen	498	9968, 9969, 9970, 9971, 1786, 9965, 9967, 9966	1, 19, 10, 15	Sedem nevest za sedem bratov
11	1982	110	slab	1483	722, 9984, 9985, 9986, 7090	3, 6	Poltergeist
15	1998	134	dober	1485	2249, 127, 126, 5791, 1573	2, 12	Pogajalec
11	1990	103	povprecen	1053	476, 5401, 853, 1706, 5816	17, 2, 8	Memphis Belle
34	2005	85	slab	1489	9998, 4644, 9999, 10001, 10000	1, 12	Balcancan
16	1995	93	povprecen	64	8279, 458, 2592, 5139, 1044	1	Tomazek
16	1978	115	slab	1258	10024, 10022, 10023, 10020, 1812, 2773	16, 8	Dan velikih valov
25	1966	108	povprecen	1499	5331, 5239, 10035, 10034, 10033	3, 8	Povecava
28	1985	102	povprecen	1491, 1068	10043, 10042, 10040, 5833, 1639	2, 18, 11	Pobesneli Max 3 - V Thunderdomu
10	1951	104	povprecen	1505	10047, 10046, 10045, 4252, 5946, 1244, 10048, 1784, 1433	17, 8	Operacija Pacifik
20	1988	89	slab	1508, 1507	10056, 10057, 10058, 5302, 10054, 10055	5, 7, 14	Michael Jackson - Moonwalker
30	2003	105	dober	1511	9863, 1086, 1233, 1024, 196, 1571	1, 11, 13	Ostarela leva
12	1991	97	dober	362	774, 3248, 9801, 9320, 4068, 767, 5411, 1811, 10084, 10085	1, 8	Na tuj racun
11	1995	96	slab	480	7891, 323, 616, 825, 9865, 2707	2, 3	Oblegani 2
20	1990	100	dober	480	531, 40, 10086, 121	19, 2	Mlade pistole II
10	1983	153	povprecen	1341	763, 977, 10087, 1723, 3212, 74, 606	20, 8, 11	Pravi fantje
30	1995	129	dober	17	9261, 143, 560, 10099, 9913, 10102, 10101, 10100	8, 10	Najini mostovi
10	2000	114	dober	1517	10116, 10113, 10112, 10115, 10114	3, 8, 12	Devet kraljic
26	2002	109	povprecen	1519	10119, 9045, 3966, 2977, 10120	1, 8	Wilbur se hoce ubiti
16	2001	94	slab	1521	1084, 10125, 10127, 900, 10121, 10123, 10122	1, 10	Prava blondinka
33	2003	180	slab	1522	3901, 10128, 10129, 10130, 7931	20, 22, 8	Sedem Jezusovih cudezev
10	1999	90	dober	1344	2472, 10134, 10135, 9166, 5583, 2516	2	Inferno
12	1994	95	povprecen	864	789, 699, 888, 244, 5489	1, 8, 10	Kruta resnicnost
14	2003	91	slab	1529	10151, 9657, 8172, 7188, 10152	1, 11, 13	Cudez v Liverpoolu
32	2001	92	dober	1531	534, 10155, 10154, 10153	1	(Ne)umri prevec pokoncno
15	2004	95	slab	162	3130, 4135, 771, 699, 52, 2547	1	Zavist
13	1969	200	dober	1047, 1046	?	21, 13	Zbirka risank Pink Panter - Prva zbirka
71	2004	121	dober	1071	1295, 10201, 10202, 10203, 10204, 10205, 10206	22, 8	Morje v meni
16	2002	86	povprecen	1543	4505, 79, 1947, 9136, 10207	1	Novi frajer
20	2001	85	povprecen	1545	10215, 612, 10217, 10216, 5428	1, 10	Vse za ljubezen
55	2003	96	povprecen	1547	10224, 2554, 870, 8166, 10223, 10222	8	Trinajstletnici
14	2001	91	dober	1550	6831, 492, 529, 3001, 7896, 7267	1, 10	Dober nasvet
11	2001	97	povprecen	1552	924, 3084, 10234, 10233, 675	1, 12	Rezervni nacrt
11	2002	108	povprecen	692	1051, 4841, 10238, 10239, 10237	1, 13, 14	Ostrzek
23	2004	91	slab	1554	10240, 3460, 14221, 2466, 877, 1395	18, 3	Zadnji rez
33	2002	101	povprecen	1555	6133, 8591, 2494, 2755, 966, 10220, 5854	1, 11, 13, 14	Bozicek 2
19	2002	98	slab	1557	10243, 10246, 10244, 10245, 2550	1, 8, 10	Novo
12	1990	80	slab	1561	10250, 10254, 10255, 10252, 10253	1, 6	Obsedena ... ze spet
32	2004	95	slab	1108	252, 1007, 10266, 10265, 10220	1, 12	Vrnitev morilca mehkega srca
13	2003	90	slab	1567	4067, 2232, 5916, 4695, 2569	2, 12	Poslednji posel
14	2001	121	dober	1571	307, 1175, 8646, 452	8, 10	Charlotte Gray
12	1998	96	dober	1584	1000, 475, 351, 3211, 486	1, 11, 13	Paulie
27	2000	96	povprecen	1595	887, 1175, 748, 1296, 605	8	Solze zivljenja
13	2002	118	povprecen	584	532, 1025, 995, 8077	2, 12	Modri angeli
66	2004	163	slab	73	5704, 1839, 339, 854, 1834, 1175, 697, 603	22, 8	Letalec
31	2005	97	slab	108	10353, 189, 127, 8077, 997	2, 12	XXX:  V pripravljenosti
44	2003	108	dober	1602	357, 4195, 10355, 3883, 1342	1, 8, 10	Pod toskanskim soncem
26	2004	111	dober	1605	10359, 2066, 1469, 3632	1, 10	Princ in jaz
26	2000	126	dober	1607	2167, 4783, 766, 5899, 10364, 1124, 10361, 4533, 10363, 10362	16, 8, 10	Legenda o  Baggerju Vanceu
26	2005	91	slab	1331	10394, 10395, 10392, 10393, 2039, 9108, 10391, 439	2, 3, 11	Oznacevalec
20	1999	1999	dober	777	10415, 10414, 10416, 1143, 10417, 10418, 10419, 9154	22, 8, 11	Resnicna zgodba
11	2002	99	slab	1611	1389, 1310, 10438, 10437, 10436, 10375, 10435, 10434	2, 12	Prekleto zlato
56	2001	90	slab	1624	1021, 10456, 10457, 7811, 10454, 10455, 4699, 8265	1, 16, 2	Kung Fu nogomet
11	2001	101	povprecen	617	10460, 10459, 2445, 2516, 10465, 10464, 10467, 10466	2, 3, 18	Dvojnik
26	1998	88	dober	?	?	21, 11	Mulan
15	2002	84	slab	314	1917, 766, 3001, 1006	1, 10	Nadleznez
17	2004	85	slab	948	512, 6659, 10482, 4027, 10483	17, 8	Ike: Predvecer invazije
15	1984	127	slab	131	10495, 2507, 512, 4195, 212, 15	7, 8, 12, 15	Cotton Club
15	2000	109	slab	1631	2165, 5559, 6981, 619, 976	8, 10	Njihove zgodbe
16	2003	89	povprecen	1638	10512, 4464, 1023, 10511	3, 6	Krvava romanca
12	2000	120	slab	1639	10513, 10515, 10514, 2129, 10516	2	Policaji prihodnosti
33	2004	102	dober	642	8465, 868, 1006, 1011, 10527	1, 10	Moja mala navihanka
17	2003	90	slab	1637	3301, 10540, 3890, 10541	6	Hisa mrtvih
98	2003	109	povprecen	1659	10581, 8278, 10583, 2254, 10582, 5899, 4161, 887, 7063, 3512, 3127, 9913	22, 8, 10, 12	Posast
34	2003	109	dober	714	10598, 10596, 10597, 10594, 10595	11, 13, 14	Peter Pan
33	1987	102	povprecen	1665	9910, 513, 7909, 7526	13, 14	*Cudez v 8. ulici
14	2004	93	povprecen	1341	127, 2706, 5991, 2655, 2138	3, 12	Pomracitev
11	2000	82	povprecen	1669	1409, 4402, 2406, 2092, 3700	1, 10	Ljubezen in seks
19	2002	119	povprecen	1645	848, 3166, 10637, 10636, 10638	1, 8	Solino
23	1994	105	povprecen	1678	7872, 7873, 7874, 1881, 2148, 4750, 939, 7871, 7870, 10643, 6476	2, 3	Specialist
10	2001	99	povprecen	1685	10654, 189, 10655, 1024, 10656	17, 8	Okruski gospodovi
32	2001	87	slab	1691	10667, 10666, 10665, 3104, 1623	1, 10	Amyjin orgazem
10	2001	81	povprecen	971	1509, 4825, 635, 4908, 10679	1	Velika laz
40	2001	85	povprecen	1700	10701, 10700, 10697, 10696, 10699, 10698	1, 8	Elling
24	1985	117	povprecen	316	1220, 772, 10713, 10714, 558, 9090	10, 14	Zacarana ljubezen
39	1984	141	dober	1374	2579, 1327, 10726, 5337, 7249, 7090	17, 20, 8	Polja smrti
16	2002	114	povprecen	812	2352, 9875, 7348, 10727, 1652	1, 7, 8	Bobni zmage
16	2003	72	dober	2331	?	21, 13	Knjiga o dzungli 2
90	2005	94	slab	1714	3705, 1954, 3784, 4041, 10764, 825	2, 18, 6	Jamski stvor
47	2005	90	povprecen	802	289, 10774, 10773, 10772, 8769, 9869	11, 13, 14	Morski decek in deklica iz lave 3D (sinhronizirano)
58	2003	90	povprecen	451	95, 10781, 10780, 10779, 914, 1362	1, 2	Taxi 3
40	2005	100	povprecen	687	739, 3211, 604, 946, 553	3, 6	Odklenjena skrivnost
40	2004	115	dober	1667	1352, 163, 434, 2741, 1977	2, 18, 11	Riddickove kronike
69	1998	103	dober	510	5976, 5240, 2742, 10657, 1892	1, 2, 12	Morilci, tatovi in dve nabiti sibrovki
47	2005	97	dober	1524	10805, 9742, 10804, 2766, 1951	1, 10	Popoln moski
17	2006	95	dober	1290	8976, 4730, 8972, 8973, 8974, 8975	16, 8	Zlate olimpijske sanje
10	2003	97	dober	389	7768, 7769, 9376, 7770, 9375	16, 8	Proti toku
14	1955	94	povprecen	1724	10807, 1239, 7935, 7934, 3563	19, 20	Poslednja meja
35	1997	121	dober	556	7622, 4, 5602, 886, 1296, 3926, 4561	3, 22, 12	Donnie Brasco
37	1992	105	slab	1160	10823, 6669, 10826, 10827, 662, 10825	1, 8, 10	Dekle tvojih sanj
49	1998	85	slab	682	10835, 10834, 10837, 10836, 891, 3378	3, 18	Pi - Zakon kaosa
18	2004	94	povprecen	1732	8162, 10839, 4315, 10841, 10840, 4516	8	Pri stricu Idrizu
17	1987	113	slab	308	731, 3053, 3916, 6779, 10842, 89	3, 6	Srce angela
14	2005	118	slab	1191	10850, 5280, 8295, 10851, 10853	2, 18, 6	Posast iz mocvirja
24	1990	88	slab	1755	9056, 10900, 2042, 10901, 1296	1, 15	Cry-Baby
13	1970	90	dober	?	?	13, 14	Pika na potepu (sinhronizirano)
14	2003	50	povprecen	?	?	21	Knjiga o dzungli (sinhronizirano)
15	1970	90	dober	?	?	13, 14	Pika na sedmih morjih  (sinhronizirano)
20	2003	96	slab	1761	10910, 10911, 10908, 10909, 10907	20, 8, 11	Pojoc za zastori
14	1998	95	povprecen	312	627, 19, 4867, 1188, 1532, 2516	17, 2	Legionar
13	2002	115	slab	1769	10940, 10941, 10942, 10943, 10939	8, 10	Ognjena nevihta
24	2005	72	povprecen	1770	?	21, 13	Misek Stuart Little 3 - Klic divjine (sinhronizirano)
13	2002	93	slab	1771	488, 3172, 1199, 3805, 2259, 9987	1, 10, 12	Zivljenje brez  Dicka
32	2005	112	povprecen	615	10955, 395, 19, 3418, 871, 553	7, 8, 12	Obogati ali crkni
22	1999	122	povprecen	612	746, 789, 190, 5331, 396, 2073, 379	22, 8	Nore in svobodne
37	2003	96	povprecen	749	1255, 7770, 1205, 82, 7252, 641	1, 10	Loci me in zapelji
26	1996	118	slab	1057	2853, 10972, 6879, 9872, 10973, 1072	1, 3, 6	Grozovitezi
100	1982	115	dober	136	3717, 478, 3271, 9872, 10994	18, 11, 13, 14	E.T. Vesoljcek - Posebna izdaja
63	2000	90	povprecen	94	1524, 2132, 7184, 524, 8886, 1947	1, 11	Road Trip
21	2004	94	dober	1801	3144, 10471, 11050, 11048, 11049	3, 9, 12	Poirot: Brezno
27	1989	104	slab	440	5622, 458, 261, 1693, 876, 1300	1, 11, 14	Izganjalci duhov 2
67	1990	113	povprecen	547	1881, 1204, 2315, 2180, 5399, 7280	2, 18, 11	Popolni spomin
25	2004	86	slab	1509	4575, 2375, 1381, 11068, 4990	18, 6	Drakula 3000
86	1995	102	dober	785	836, 651, 530, 1040, 126, 10351	3, 12	Osumljenih pet
10	2001	76	dober	1815	?	21	Barbie v Hrestacu (sinhronizirano)
31	1986	119	slab	305	7055, 3203, 5900, 3712, 107, 11086	3, 6, 12	Lovec na ljudi
52	2005	98	slab	824	1525, 49, 1086, 57, 15, 2470	1, 8	Vremenar
29	1999	89	dober	1823, 1822	?	5	Nomadi neba
102	2004	247	dober	670	2776, 1153, 1206, 4, 5585, 4695, 1211	2, 3, 12	Ubila bom Billa 1 + 2
14	2001	105	slab	149	1096, 1097, 1098, 11118, 11119, 11117	18, 3	Avalon
55	1991	117	povprecen	661	1853, 1699, 9859, 10441, 1513, 2773	16, 2, 11, 12	Smrtonosni val
23	2004	85	slab	1830	5900, 6209, 3070, 6646, 9139, 105	2, 3, 8	Paparaci
15	2004	94	slab	1832	11140, 11137, 5337, 11136, 11139, 11138	2, 6	Romasanta: Lovec na volkodlake
17	2003	93	dober	1833	3144, 11141, 8646, 11142, 4889	3, 9, 12	Poirot: Zalostne ciprese
35	1992	123	povprecen	1607	7279, 1767, 4434, 5761, 2992	22, 8	Reka poje mi
11	2005	186	dober	901	357, 2004, 6303, 1043, 6304, 6305	22, 8	Karol - Moz, ki je postal papez
23	2001	143	slab	1841	6301, 6300, 6302, 6306, 6307, 11170, 11169	17, 2, 20, 8	Legenda o Suriyothai
51	1975	119	dober	136	671, 11079, 11172, 1857, 11171	3, 6, 11	Zrelo
31	1988	103	povprecen	1846	48, 40, 10086, 7267, 6232, 121	2, 19, 11	Mladi revolverasi
13	1995	75	povprecen	1131	?	21, 11, 13	Balto
12	2002	96	dober	1464	1411, 1017, 5331, 3692, 3784, 1420	20, 8	Pred neurjem
18	1996	111	slab	1667	1410, 2660, 8607, 7267, 2528, 2377	2, 3, 18	Prihod
10	2000	97	dober	1859	2974, 5916, 11213, 11215, 11214, 2607	2, 3, 6	Vran III
18	1988	121	dober	515	1119, 8955, 731, 5900, 4408, 1710, 264	1, 2, 11, 12	Polnocni skok
32	1993	145	dober	1792, 1793	3754	1, 9	G. Bean 3
12	2001	194	povprecen	2150	4939	5, 9	Modri planet - Disk 1 ( Epizode 1 - 4 )
51	2002	132	povprecen	1164	3705, 11195, 6436, 11230, 1463, 11231, 11232	17, 8	Amen
16	2003	91	slab	1864	11235, 11234, 11233, 11238, 11237, 11236	1, 8, 10	Staro, novo, sposojeno in modro
27	2004	96	slab	1870	11258, 11256, 11257, 1413, 5531	1, 6	Noc neumnih mrtvecev
12	2002	94	povprecen	1879	357, 2148, 11059, 7201, 8930, 4044	1, 2, 12	Mascevanje
17	1976	91	povprecen	511	11283, 11287, 11286, 11285, 7848, 11284	2, 3, 12	Napad na policijsko postajo 13 (1976)
17	1998	83	dober	1882, 891	?	21, 13	Mravljinec Z
12	2004	50	povprecen	?	?	21	Anastazija (sinhronizirano)
72	2006	114	slab	1053	1881, 3916, 7169, 4566, 1810, 1481, 1471	3, 12	Prvinski nagon 2
31	2006	89	slab	1892	3885, 11343, 870, 11345, 11344	3	Stevilo prebivalcev: 436
24	2005	87	slab	1894	4283, 11352, 11351, 9139, 8538	3, 6	Obroc groze
307	2005	145	dober	277	11359, 11358, 4212, 11357, 1217, 4554	8, 10	Gejsa
15	1975	119	povprecen	1499	51, 11372, 11370, 11371, 1188, 9831	8	Poklic: Reporter
11	1999	90	slab	1900	9497, 2374, 1384, 4695, 11377, 11376	2, 3	Diplomatsko obleganje
33	2004	155	dober	470	11391, 11390, 4644, 2668, 2669	1, 9	NMK - Nasa mala klinika (1.sezona) - Epizode 1-4
26	2005	178	dober	470	11393, 4644, 11392, 2670, 2668, 2669	1, 9	NMK - Nasa mala klinika (2.sezona) - Epizode 1-4
21	2005	179	dober	470	11392, 4644, 2670, 2668, 2669	1, 9	NMK - Nasa mala klinika (2.sezona) - Epizode 5-8
15	1999	97	slab	469	11394, 9413, 11397, 11396, 10644, 4517	1	Marsal
24	1986	112	slab	12	85, 87, 86, 89, 88	8, 10	Devet tednov in pol
69	2005	117	povprecen	1581	700, 1408, 11399, 11398, 1462	3	Usodna prevara
16	2004	87	slab	1913, 1912	11433, 11432, 11435, 11434, 11436	1	11 zapovedi
13	1972	117	slab	1348	3986, 8927, 3210, 11437, 1552, 1606	2, 3, 11	Pozejdonova avantura
16	2006	106	dober	1915	11440, 11441, 196, 11439, 11438	16, 8	Steza slave
72	2006	120	dober	28	8727, 8618, 208, 688, 2758	8, 11, 13	Osem ujetih
39	2005	97	povprecen	1917	11442, 1656, 11443, 11444, 3091	1, 13, 14	Nanny McPhee
57	2006	92	slab	274	865, 1080, 272, 5003, 1919	1, 11, 12, 13	Roznati Panter
30	1999	103	slab	585	478, 289, 5351, 4238, 8105	1, 10	Prvi poljub
46	1969	106	dober	1802	4251, 8030, 905, 2221, 2725	19, 22, 11, 12	Butch Cassidy in Sundance Kid (Posebna izdaja)
33	2005	132	slab	1927	81, 2633, 4366, 3047, 1196	17, 2, 8	Veliki pohod
24	2005	90	slab	1928	11463, 11462, 11467, 11466, 11465, 11464	16, 5	Real - Kraljevski klub
14	2002	125	povprecen	1932	6604, 11474, 7499, 11475, 635	8	Dina
31	2003	90	slab	486	5704, 2972, 1219, 1218, 5040	1, 8	Drobne radosti zivljenja
11	2004	107	dober	118	11486, 11487, 11484, 11485, 1497	17, 8	Glas nedolznih
102	2005	110	povprecen	1939	11493, 11492, 369, 11491, 11490, 451	22, 8, 12	Capote
33	2004	215	dober	1925	5856, 6560, 11449, 586, 11450	1, 8, 9, 10	Razocarane gospodinje (1. sezona) - disk 1
25	2004	215	dober	1941, 193	5796, 11504, 11505, 11506, 5988, 4337, 7386	3, 9, 11, 14	Skrivnostni otok (1. sezona) - disk 3
25	2004	215	dober	1941, 193	5796, 11504, 11505, 11506, 5988, 4337, 7386	3, 9, 11, 14	Skrivnostni otok (1. sezona) - disk 4
14	2005	106	slab	1594	2542, 10333, 10332, 1555, 7565	3, 6	Satanov klan
86	2005	99	slab	259	153, 49, 2718, 11521, 380	8	Dokaz
55	2005	95	slab	1949	11529, 11530, 1055, 635, 94	1, 8, 10	Koliko me ljubis?
22	2005	99	slab	1952	6862, 612, 8115, 202, 5583, 7446	2, 3, 14	Vran IV - Zlobni molivec
64	2004	119	dober	1955	?	21, 11, 14	Carovnik Howl in gibljivi grad
22	2002	129	povprecen	1956	11545, 11544, 11547, 11546, 7355	8	Mracni samuraj
11	2004	94	dober	1958	11551, 11554, 11555, 11552, 11553, 11556	8, 11	Masaji
24	2003	115	slab	1961	11571, 11570, 11569, 11568, 11572	3, 6	Zgodba o dveh sestrah
56	2005	126	slab	9	766, 1205, 10265, 347, 11574, 11573, 897	3, 8	Syriana
20	1999	92	slab	60	2375, 11583, 11582, 7685, 1300	3, 6	Smrtonosna modrina
77	2005	106	slab	509	1881, 1294, 5253, 559, 876, 897, 1421	1, 8	Strti cvetovi
44	2004	106	povprecen	349	5469, 8150, 531, 3709, 6017, 979, 5702	2, 3, 12	Lovci na morilce
45	2005	98	slab	1966	3901, 807, 48, 4195, 1869, 983	1, 10	Rad mora imeti pse
20	2002	99	povprecen	1969, 1970	11597, 11598, 11599, 11601, 11600, 11602	3, 6	Oko
17	2004	88	slab	1971	11612, 10971, 10702, 11611, 11610	2, 12	Udarna novica
24	2005	116	povprecen	1975	11626, 11627, 10199, 11625, 1347, 1273	1, 10	Dnevnik besne crnke
14	2004	100	slab	1595	11631, 3203, 9045, 2447, 11632	8, 10	Da
19	2005	92	povprecen	1977	11341, 2935, 11635, 1605, 11634, 11633	1, 8	Dobro urejeni mrtveci
23	2003	91	slab	1246	1627, 1917, 10077, 739, 948, 11637, 11636	1, 10	Alex in Emma
21	2005	122	povprecen	1680	3656, 3776, 11639, 11638, 3047, 1061	8, 11	Na sledi pracloveka
10	2003	129	slab	1030	11643, 11642, 11641, 11640, 6274	3, 12	Nepozabni umori
12	1999	109	slab	1983	11669, 11670, 1791, 4739, 4364	2, 8, 12	Placanec
50	1987	147	dober	136	699, 9712, 8667, 1327, 198, 3632	17, 20, 8	Cesarstvo sonca
11	1986	100	povprecen	155	767, 547, 11673, 11674, 280, 11675	1, 12	Mafijci
11	1970	195	dober	1988	3765, 2955, 11676, 11677, 11678	8, 10	Ryanova hci
17	2001	108	slab	1664	800, 396, 11688, 10912, 1499, 74	1, 16, 10	Poletni ulov
26	1993	135	povprecen	1019	1699, 11691, 11690, 4759, 11694, 11693, 11692	8, 11	Mali Buda
35	1975	124	dober	371	2675, 926, 2679, 2678, 2677, 2676, 886, 2683, 2682, 2681, 2680, 2686, 2685, 2684	3, 8, 12	Pasje popoldne - Posebna izdaja
33	2004	100	slab	1999	11462	16, 13	Resnicno zadeni kot Beckham
10	1973	98	dober	1481, 1480	11712, 9975, 9976, 9977, 9978, 7401	5, 22, 7	Jimi Hendrix  - Posebna izdaja
124	2006	105	povprecen	316	2249, 1007, 2247, 199, 11726	2, 3, 12	16 Ulic
14	1984	97	slab	749	11728, 547, 11727, 9571, 10616	3, 12	Krvavo preprosto
32	2001	108	slab	2003	11732, 11729, 11730, 11731, 91	1, 8	Gostisce "Pri mami"
19	2006	92	slab	2006	323, 6556, 8645, 8172, 11738	17, 2	Clovek senca
48	2005	100	slab	297	1001, 2296, 7184, 11740, 3805, 11739	1, 2, 11	Carja Hazzarda
174	2005	243	povprecen	858	351, 7524, 40, 1708, 3263, 5816	2, 18, 3, 9, 11	Bermudski trikotnik
13	2003	114	slab	1778, 1889	10971, 908, 9699, 4211, 9698, 5293	2, 3, 12	Peklenske zadeve 3
27	2006	92	povprecen	1784	11764, 11765, 5404, 3347, 5311, 522	2, 6	Hisa mrtvih 2: Smrt caka
11	1983	92	slab	2013	11766, 11767, 214, 2620, 6058	8, 15	Ostati ziv
11	1970	124	dober	514	1866, 51, 5242, 11796, 11795	1, 10, 15	Na jasen dan se vidi neskoncno dalec
49	2004	99	slab	2023	11717, 732, 3813, 6616, 4088, 5489	1, 3	Usluzbenec meseca
55	1975	91	dober	719, 769	631, 5015, 5014, 5012, 5011, 5010, 5009, 2600	1, 11	Monthy Python in sveti gral - Posebna izdaja
12	1960	96	slab	2024	9325, 11805, 11804, 11803, 3744, 319	1, 10	Zacelo se je v Neaplju
10	1974	98	slab	484	1597, 11829, 11828, 11831, 7526, 11830	3, 12	Paralaksa
11	2004	72	dober	392	?	21, 13, 14	Zmaji ognja in ledu (Sinhronizirano)
13	1985	104	dober	162	10072, 11833, 4375, 11835, 11834, 9588	3, 11	Mladi Sherlock Holmes
38	1985	108	povprecen	500	5508, 5509, 1348, 994, 4008	3, 8, 10	Prica
12	2004	105	povprecen	?	?	21, 13	Tom in Jerry - Klasicna zbirka st.12 (Sinhronizirano)
150	2006	95	povprecen	759	11837, 618, 4089, 176, 2466	1, 11, 13	Ocka, ne ga srat!
30	1955	100	povprecen	934	6568, 3750, 11839, 11813, 8912, 9282	1, 10	Sedem let skomin - Posebna izdaja
16	2004	107	dober	?	?	21, 13	Tom in Jerry - Klasicna zbirka st.11 (Sinhronizirano)
34	2005	88	slab	2035	2870, 11854, 11855, 11853, 8537, 7280	6	Noc smrti
32	2005	95	slab	1847	11867, 9151, 11866, 730, 4543, 4427	3, 8	Kralj reke
13	2004	103	slab	2041	474, 3569, 557, 5785, 1196	3, 8	Skrivnosti niso vecne
11	2005	86	slab	1545	11010, 3648, 11874, 11770, 4027, 9987	3, 6	Vampirski netopirji
16	2002	86	slab	2043	11880, 11881, 11882, 7650, 5439, 11879	1, 10	Stanovanje tete Agate
480	2006	143	povprecen	48	100, 867, 429, 1919, 267, 1840	3, 8, 12	Da Vincijeva sifra
29	2005	165	slab	2051	665, 991, 6150, 11888, 2024, 4853	7, 22, 8	Elvis - Zgodnja leta
118	2005	122	dober	905	190, 11889, 2295, 603, 11890, 15	2, 3, 12	Gospodar vojne
53	2006	98	slab	810	532, 7706, 196, 602, 1857, 5456	2, 3, 11	Poseidon
26	1976	106	dober	316	3930, 9773, 9320, 11914, 11913	3, 6	Znamenje
68	2005	114	slab	1601	4825, 427, 10349, 11916, 11915	3, 8	Skrito
200	2006	116	dober	2057	?	1, 21, 13	Avtomobili (sinhronizirano)
16	2004	100	slab	2058	96, 11932, 11933, 10126, 11931	8, 10	Gillesova zena
114	2006	108	dober	2060	11941, 1152, 11943, 11942, 1265, 2139	7, 8	Ulicni tango
273	2006	145	dober	824	5737, 1486, 5340, 1365, 1296, 2499	1, 11, 14	Pirati s Karibov: Mrtveceva skrinja
42	2005	155	dober	327	234, 1052, 1058, 1059, 4742, 2689	17, 2, 20, 8	Anticni Rim (Sezona 1) - disk 2
37	2005	105	dober	327	234, 1052, 1058, 1059, 4742, 2689	17, 2, 20, 8	Anticni Rim (Sezona 1) - disk 3
35	2005	162	dober	327	234, 1052, 1058, 1059, 4742, 2689	17, 2, 20, 8	Anticni Rim (Sezona 1) - disk 5 + Bonus disk
56	2006	91	povprecen	590	10682, 1494, 323, 10684, 11955	2, 3	Placanci
63	2005	116	dober	2073	1221, 551, 11989, 643, 4111	19, 11, 12	Trikrat pokopani Melquiades Estrada
16	2006	97	slab	2074	11991, 2039, 8751, 4854, 10526	3, 12	Posrednik
20	2005	96	slab	2078	655, 6966, 11998, 11999, 5397	1	Ellie Parker
41	2006	100	slab	634	789, 9851, 1699, 6030, 10857	3, 18, 21	Temacno zrcalo
25	2000	107	dober	228	5365, 1035, 733, 1055, 1606	3, 12	Osumljen
21	2006	87	povprecen	2081	3735, 624, 12005, 2131, 12006	1, 11	Fantovscina v Vegasu
33	2004	121	povprecen	2082	1493, 5828, 5899, 1188, 662	17, 8, 10	Z glavo v oblakih
26	2005	119	slab	2093	11544, 12040, 12041, 12026, 12039	2, 14	Ashura
24	2005	110	povprecen	2094	12044, 12045, 12046, 12042, 12043	7, 8	Blues za Havano + Preden se znoci
86	2006	109	povprecen	557	2640, 1304, 1408, 7982, 1086, 78	18, 3, 11	Otroci clovestva
20	2005	89	slab	2096	476, 5240, 12053, 12054, 4203, 1721	18, 12	Casovni stroj
14	2005	240	povprecen	2099	12062, 12066, 12064, 12065	16, 5	Futebol - Brazilski nogomet
26	2006	98	slab	2101	12070, 12071, 12068, 12069, 12067	8, 10	Bitka v nebesih
11	2001	104	slab	2104	12078, 3406, 1132, 12077, 2884	8, 10	Ljubezen na grob nacin
46	2005	95	slab	1637	426, 4213, 3897, 4, 1706	2, 6, 14	Krvava Rayne
16	2004	150	povprecen	2107	10025, 12084, 10126, 12081, 12080	1, 8	Kralji in kraljica
25	1993	114	povprecen	90	4900, 12093, 10650, 3271, 12092	1, 8	Kika
10	2004	103	povprecen	2114	4723, 1305, 2657, 1870, 434	7, 8	Neuslisana ljubezen
12	2003	119	dober	2115	6826, 993, 1857, 8751, 285, 284	5	Goli v sedlu in podivjani biki
10	2005	86	slab	390	1220, 2809, 671, 2813, 1801	3, 6	Drakula III: Dediscina
75	2006	107	povprecen	134	479, 5704, 476, 2780, 771, 5696	1, 14	Klik - za popolno zivljenje
123	2006	98	dober	487	4334, 4335, 4332, 4333, 4331, 2144	7, 8, 10	Odplesi svoje sanje
169	2006	124	slab	47	1041, 2588, 2949, 376, 2584, 15	20, 8	World Trade Center
67	2006	89	slab	2117, 2118	763, 551, 3475, 10562, 662, 5489	1, 19, 12	Bandidas
24	2006	88	slab	1329	3130, 12098, 12099, 12100, 12101, 12102	1, 16	Nacho Libre
21	1992	112	slab	2124	427, 367, 1332, 3632, 1471	8, 10	Sramota
40	2005	102	slab	2125	372, 3067, 771, 1008, 503, 9827, 329	1, 10, 15	Ljubezen in cigarete
62	1988	142	povprecen	2131	5178, 12138, 12136, 12137, 12135	8	Dom za obesanje
20	2004	89	slab	2133	12153, 12152, 12151, 12150, 12149	1, 8	Totalna zmesnjava
21	2002	106	slab	2134	12155, 12154, 12158, 12157, 12156	8	Sladkih sestnajst
19	2001	172	slab	2135	12164, 12159, 12161, 12160, 12163, 12162	20, 8	Quo Vadis
29	2004	110	dober	415	4724, 12178, 12179, 2979, 1196	8, 10	Brata
32	1990	105	povprecen	1702	12180, 12181, 8316, 2516, 2152	16, 2	Levjesrcni
46	2002	134	slab	2140, 2139	12182, 12183, 12184, 12185, 12186	8	11. September
39	2001	85	slab	2142	12199, 12198, 12197, 12196, 12200	8, 11	Kandahar
22	1999	95	slab	1618	10932, 12206, 12205, 11299, 11301	3, 6	Krog 2
232	2006	144	dober	157	1718, 720, 434, 2977, 1164, 897, 1721	2, 3, 11	007 - Casino Royale
15	2000	53	slab	?	?	5	National Geographic - Iskanje svetega grala
84	2001	120	dober	1955	?	21, 13, 14	Cudezno potovanje
21	2007	379	dober	?	631, 5012, 5011, 5010, 2600, 5009	1, 9	Leteci cirkus Montyja Pythona - Tretja sezona
270	2006	128	dober	919	3130, 730, 3067, 339, 976, 4669, 269	1, 10	Pocitnice
16	2004	150	slab	?	?	4	Slovenija - Do nagega!
23	2004	180	slab	2157	12244, 12245, 12246, 12247	4	Sneguljcica in sedem palckov - 1. in 2. del
20	2000	91	povprecen	125	11719, 529, 923, 7077, 573, 1090, 60	1, 12	Majhni lopovi
13	2005	104	slab	2171	1050, 4908, 11069, 12301, 12300	1	Protistrup
14	2007	190	slab	2159	12257, 12356	4	Divje igre + Klavzura
10	2004	90	slab	2178	?	4	Zivahne angleske najstnice
67	2006	81	dober	1306, 2190	?	1, 21, 13	Odplaknjeni gizdalin
44	2005	90	slab	2192	12424, 12425, 1041, 12422, 12423, 1470	3, 6	Tema
10	2003	190	slab	?	?	4	Solarke vracajo udarec + Mlade, crne in pohotne
30	1995	110	povprecen	544	136, 5400, 3068, 4555, 128	2, 3	Mreza - Posebna izdaja
27	2007	169	dober	?	631, 5012, 5011, 5010, 5009, 2600	1, 9	Leteci cirkus Montyja Pythona - Cetrta sezona
142	2006	128	dober	341	971, 2871, 12538, 6017, 877, 346, 2758	2, 18, 3	Deja Vu
47	2006	123	povprecen	2210	372, 3067, 2702, 339, 380, 656, 2168	8	Vsi kraljevi mozje
29	2005	83	povprecen	2212	9703, 10359, 3779, 1327, 7897, 691	1, 8	Jaz, Kubrick
27	2006	110	slab	2217	4963, 11565, 11130, 420, 12667, 7108	1, 3, 8	Pijani od oblasti
11	2004	86	povprecen	2232	4537, 11530, 5526, 11729, 96	1, 10	Zgodba mojega zivljenja
80	2006	118	slab	733	2974, 7769, 3675, 1407, 4238, 8731, 2671	20, 22, 8	Marija Antoaneta
24	2006	130	dober	568	3355, 12830, 6154, 12829, 6938, 3245	17, 2, 3, 9	Posebna enota (1. sezona) - disk 1
19	2006	130	povprecen	568	3355, 665, 12829, 6154, 6938, 3245	17, 2, 9	Posebna enota (1. sezona) - disk 2
16	2006	130	dober	568	3355, 665, 12830, 12829, 6154, 3245	17, 2, 3, 9	Posebna enota (1. sezona) - disk 4
13	1962	86	dober	431	7399, 12833, 12835, 12834, 3102	17, 8	Pekel je za junake
156	2006	101	povprecen	2234, 2235	2615, 745, 6808, 1402, 61, 5855	1, 8	Nasa mala mis
43	2004	107	povprecen	2237	?	5	Darwinova nocna mora
20	2005	108	slab	1582	4605, 2249, 8166, 3625, 7063, 646	19, 8, 10	V dolini
18	1963	88	povprecen	8	12867, 12866, 12865, 9665, 66	17	Desant na Drvar
255	2006	133	dober	234	12871, 12870, 10078, 12874, 12873, 12872	2, 11	Apokalipto
65	2006	131	povprecen	680	1080, 515, 978, 12875, 1348, 12876	8, 15	Sanjske punce
111	2006	117	dober	2249	4096, 1352, 1124, 1846, 12879, 8236	22, 8	V iskanju srece
37	1960	120	dober	934	12882, 1406, 12881, 4540, 5671, 9521	1, 10	Apartma
29	2005	96	povprecen	2253	1524, 12883, 1081, 5828, 1413	1, 10	Pravi prijatelj
28	1995	118	povprecen	2127	288, 1087, 5151, 545, 656, 8918, 329	8	Zadnji sprehod
27	2005	82	slab	554	7381, 7380, 96, 7385, 7384	1, 8, 10	Naslednji, prosim!
13	2003	103	slab	1150	5335, 5334, 3694, 1916, 233	16, 8, 10	Bes
10	2002	88	slab	818	5705, 6633, 199, 3697, 6026	3, 8, 12	Pravica za resetkami
49	1995	130	povprecen	450	3286, 6407, 9183, 144, 993, 2844	2, 18, 11	Potopljeni svet
84	1995	125	dober	769	1132, 4434, 2249, 1007, 7961, 7201	18, 3	12 opic
21	1993	155	dober	623	2598, 790, 4405, 4092, 2257, 2601	3, 18, 9	Dosjeji X (1.sezona) - disk 2
17	1993	155	dober	623	2598, 790, 4405, 4092, 2257, 2601	3, 18, 9	Dosjeji X (1.sezona) - disk 5
11	1995	160	dober	623	2598, 790, 4405, 4092, 2257, 2601	18, 3, 9	Dosjeji X (2.sezona) - disk 4
42	2007	45	povprecen	2265	12921	5, 23	DVD Slovenija - Odkrijte Slovenijo
22	1956	115	dober	84	12913, 12914, 12915, 12916, 1785, 7403	3, 8, 11	Hitchcockova zbirka - Moz, ki je prevec vedel
85	2006	114	slab	634	2615, 6998, 6808, 244, 11688, 12923, 5040, 284	8	Zaspehan narod
21	1985	127	dober	167	855, 5467, 771, 2215, 4367, 12908, 12928	2, 3, 11	007 - Od tarce do smrti
26	1997	114	dober	117	2472, 6560, 5340, 434, 2425, 7953	2, 3, 11	007 - Jutri nikoli ne umre
17	1977	121	dober	2264	5467, 12932, 12933, 12906, 9866, 12931	2, 3, 11	007 - Vohun, ki me je ljubil
39	1971	121	dober	1283	3083, 12938, 12939, 12936, 12937, 12935, 1437	2, 3, 18, 11	007 - Diamanti so vecni
26	1974	120	dober	1283	9832, 1912, 5467, 12909, 12908	2, 3, 11	007 - Moz z zlato pistolo
22	1963	110	dober	1614	12942, 12943, 3083, 12908, 12944	2, 3, 11	007 - Iz Rusije z ljubeznijo
22	2006	105	slab	798	12974, 5280, 1175, 1205, 3346, 1872	3, 8	Dobri Nemec
67	2006	88	povprecen	630	5096, 12975, 1175, 434, 12977, 12976, 12978	3, 8	Zapiski o skandalu
35	2006	108	povprecen	2272	7770, 9012, 12981, 8852, 12982, 270	8, 10	Candy
118	2006	100	dober	651	505, 5823, 7918, 13014	21, 11, 13, 14	Artur in Minimojcki
17	1970	115	dober	2278	9294, 669, 10353, 13021, 7580	19	Plavi vojak
72	1976	109	dober	73	2659, 731, 277, 280, 8751, 5443	3, 8, 12	Taksist (Posebna izdaja)
26	2006	90	povprecen	?	8967	23	007 turbo idej za povecanje prodaje v vsakem poslu
22	2005	120	povprecen	?	8967	23	41 idej za povecanje prodaje v vsakem poslu
18	1979	106	dober	984	3083, 797, 13028, 122, 13029	2, 11, 12	Prvi veliki rop vlaka
11	2000	85	dober	2282, 2281	?	21, 13	Digimon: Film
26	1987	99	slab	547	9497, 1814, 5399, 13030, 2228	2, 18, 12	RoboCop (Reziserjeva razlicica)
65	2007	98	slab	1072	3489, 6192, 3491, 2543, 1352, 515, 4187	1	Norbit
65	2006	101	dober	1032	7214, 5240, 3116, 2144, 5969, 389	1, 10	Mlada nogometasica
96	2007	96	povprecen	253	4004, 3357, 8233, 335, 214, 966, 1123	1, 11	Divjaka
118	2007	103	slab	85	599, 1176, 4479, 1891, 8731, 741, 7953	18, 3, 11	Soncna svetloba
42	2007	86	povprecen	1262	8518, 13057, 13056, 8734, 8733, 11874, 8730	6	Opazujemo te 2 (Izvirna verzija)
64	2006	133	dober	18	223, 2628, 13058, 144, 7046, 2046	2, 8, 11	Varuh
77	2005	108	dober	692	1051, 4841, 11576, 1919, 7547	17, 1, 8, 10	Tiger in sneg
80	2007	84	dober	2286	?	1, 2, 21, 11, 14	Ninja zelve (Sinhronizirano)
28	1965	192	dober	1988	11664, 1357, 3897, 3450, 4102, 6476	17, 8, 10	Doktor Zivago
38	1984	173	dober	747	7314, 2205, 801, 13074, 13075, 24	7, 8	Amadeus (Posebna izdaja)
31	1994	107	dober	1932	13077, 2984, 9637, 11235, 9645	3, 6	Nocni cuvaj
59	2006	88	dober	2005	1172, 4569, 6085, 4984, 10367, 2529	3, 6	Zaga III
39	1995	93	dober	2291	6911, 1156, 988, 904, 2315, 145, 1296	1, 8, 10	Don Juan DeMarco
41	2006	91	dober	2293	12837, 13093, 12838, 5926, 9405	1, 8	Karavla
17	1992	100	povprecen	711	1748, 5132, 9730, 4956, 6339, 9729	1	Mi nismo angeli
77	2004	67	slab	2130	3708, 13116, 13117, 13115	4, 7, 8	9 orgazmov
81	2007	91	dober	2297	?	1, 18, 21, 13	Spoznajte Robinsonove (Sinhronizirano)
10	2005	102	slab	2298	13122, 10478, 5329, 5132, 6946, 11557	8	Pekel
73	2007	96	povprecen	228	168, 1269, 2264, 11004, 4393, 11798, 1810	3, 6	Grozljiva zetev
18	2005	98	slab	2304	13136, 13137, 11775, 5443, 13135	1	Iskanje komedije v muslimanskem svetu
132	2007	98	slab	14	6966, 13144, 13145, 26, 7282, 6311	3	Stevilka 23
12	2006	91	slab	2308	11380, 13147, 13148, 11220, 10996, 4517, 13149, 13150	11, 13	Duh v mocvirju
38	1999	114	povprecen	718	13153, 13152, 5253, 4393, 946, 13151, 8088	8	Fantje ne jocejo
29	1995	128	povprecen	56	3083, 3162, 212, 9286, 1539	8, 10, 11	Prvi vitez
36	1985	110	dober	441	13179, 3411, 13182, 13183, 13180, 13181	2, 8, 11	Smaragdni gozd
238	2007	110	dober	1048	?	1, 21, 13	Ratatouille (sinhronizirano)
72	2007	116	dober	2319	1923, 144, 1127, 7972, 1026, 6386	3, 12	Gospod Brooks
124	2007	95	slab	3	6768, 13417, 733, 13224, 4238, 1402, 2783, 1503, 2293	1, 13, 14	Vsemogocni Evan
11	1942	104	dober	84	5676, 9246, 11886, 11887, 6491	3, 11	Hitchcockova zbirka - Saboter
53	2004	53	slab	?	?	21, 13	Pixar: Kratke animirane klasike - Zbirka 1
30	1998	99	povprecen	464	152, 1254, 1304, 6019, 3357, 2237, 1710, 4561	3, 6	Psiho
24	2007	111	povprecen	597	3707, 3706, 1220, 11462, 3704, 3207, 6269	16, 8	Gol 2: Uresnicene sanje
10	1999	165	dober	623	2598, 790, 4405, 4092, 2257, 2601	3, 18, 9	Dosjeji X (7.sezona) - disk 1
11	2000	158	dober	623	2598, 790, 665, 4405, 4092, 2257, 2601	18, 3, 9	Dosjeji X (8.sezona) - disk 1
15	2001	106	povprecen	463, 462	?	18, 21, 13	Final Fantasy (Blu-ray)
54	1992	127	dober	131	789, 985, 11576, 1699, 1055, 1219, 380, 8107	3, 6, 10	Drakula
16	2002	184	povprecen	559	370, 364, 366, 8034, 3997, 5548	8, 10, 15	Devdas
10	1993	150	slab	797	1368, 364, 3308, 3307, 5549	8, 10, 15	1942: Ljubezenska zgodba
64	2007	85	slab	2326	5704, 6162, 1917, 1683, 110, 6765	3, 6	Proste sobe
147	2007	124	dober	2340	13304, 13299, 13303, 4651, 13302, 13301, 13300	1, 8, 10	Petelinji zajtrk
90	2007	104	povprecen	1581	807, 2597, 475, 127, 43, 13879	3, 6	1408
25	1960	127	povprecen	1356	4099, 3007, 2731, 13279, 4105	1, 12	Oceanovih 11 - 1960
42	2006	100	slab	2329	2852, 1216, 3814, 602, 3601	1, 10	Zadnji poljub
35	2007	100	slab	52	478, 1668, 695, 1484, 6734	8, 10	Srecnez
43	1997	102	dober	905	1206, 2905, 244, 5834, 2171	18, 3	Gattaca
21	1973	124	dober	2339	1608, 1804, 1581, 3151, 11277	17, 8	Sutjeska
34	1995	100	slab	930	1881, 1839, 4984, 350, 1606	19, 2, 11	Hitri in mrtvi
13	1966	122	povprecen	84	13307, 5179, 9428, 4251, 13308	3	Hitchcockova zbirka - Raztrgana zavesa
25	2006	126	slab	2343	4212, 11333, 13319, 13318, 13317, 13316	2, 8	Banket
10	2006	109	povprecen	2344	13322, 13321, 13320, 635, 12081	7, 8, 10	Pevec
20	2005	97	povprecen	850	4537, 13336, 96, 13341, 10348, 13335	2, 11	Vitezi neba
15	1971	94	povprecen	2347	13339, 1581, 13340, 4793, 13334	17, 8	Past za generala
11	1939	110	povprecen	2349	1837, 1835, 381, 13345, 382	1, 10	Ninocka
14	1983	96	slab	1697	1456, 8995, 13356, 10685, 212	3, 8, 10, 12	Do zadnjega diha - 1983
277	2006	161	dober	824	5096, 7770, 5737, 3070, 5340, 1486, 1365, 1296, 2499	1, 11, 14	Pirati s Karibov: Na robu sveta
61	2006	96	slab	2360	4722, 1478, 4238, 1143, 2295, 13377	1, 10	Ljubezen je glavna
115	2007	83	dober	2361	?	1, 21	Simpsonovi (sinhronizirano)
31	2005	107	slab	1947	10261, 337, 8166, 13384, 1737, 13383, 13382	1, 8	Verjemi lepotici
29	1995	139	slab	661	6039, 1550, 7602, 3624, 1489, 782, 9139	2, 3, 18, 12	Zadnji dnevi
33	2006	97	slab	2371	13402, 853, 13400, 13401, 556, 8152, 6714	1, 10	V kasi
68	2007	92	dober	2005	8225, 4984, 13409, 11737, 13410	3, 6	Zaga IV
12	2005	93	povprecen	2380	?	5	Discovery Channel: Neznani planet
15	2005	89	povprecen	2381	?	5	Discovery Channel: Nostradamus
17	2003	45	dober	?	?	21, 13	Tom And Jerry: Bozicne tacke za praznike
12	2006	45	povprecen	2383	?	21, 13	Bozicna pesem druzbe Looney Tunes
123	2007	92	povprecen	452	3239, 472, 634, 3241, 1891, 3240, 3469	2, 18, 11, 14	Fantasticni stirje 2: Prihod Srebrnega letalca
81	2007	113	povprecen	670	13436, 13437, 532, 5148, 645, 2126	2, 3, 6	Smrtno varen
51	2006	95	povprecen	1562	13447, 9709, 13448, 13449, 2430, 6767	1, 10	Moskozenske zadeve
74	2007	86	povprecen	91	327, 1408, 1055, 1396, 6664	2, 3, 12	Postreli jih
87	2007	100	povprecen	169	13063, 1925, 2249, 13466, 433, 1043	3	Disturbia
15	2005	100	slab	2394, 2393	4825, 2647, 11730, 6791, 13469	1	Slikati ali ljubiti
27	2006	0	povprecen	1692	13472, 10673, 13471, 13470, 8023	2, 3, 12	Zmajeva cast
23	2006	86	povprecen	1729	13473, 13388, 13387, 2887, 13386, 13385, 11688	1, 13	Brez spremstva
95	2007	85	povprecen	2395	13474, 13475, 13476, 13477, 13478, 13479	1	Ameriska pita 6
17	2006	96	slab	2396	168, 7779, 109, 7764, 4141	1, 8, 10	Zadnjic
22	1997	107	slab	484	8860, 2066, 4434, 4148, 994, 663	2, 3	Seme zla
34	2007	168	dober	2306	681, 1989, 8081, 13146, 554, 6887	3, 9, 11, 12	Beg iz zapora (2. sezona) - disk 5
32	2007	126	dober	2306	1989, 681, 8081, 13146, 554, 6887	3, 9, 11, 12	Beg iz zapora (2. sezona) - disk 6
15	2007	69	slab	1365	?	21, 13	Miki resi Bozicka
25	2005	111	slab	2405	7841, 1093, 13499, 198, 13561, 13500	3, 8, 12	Tezki casi
23	2007	84	slab	2408	2060, 13514, 13515, 4737, 13513	1, 12	Reno 911!: Miami
19	2007	82	povprecen	2412	13524, 12838, 13523, 13522, 12900, 13521	8	Armin
45	2007	90	slab	2416	472, 7252, 1008, 7839, 1137	1, 8, 10	Mislim, da ljubim svojo zeno
116	2007	150	dober	35	971, 2640, 4448, 13360, 1650, 350	3, 8, 12	Ameriski gangster (Podaljsana razlicica)
10	1989	97	povprecen	2423, 2424	7152, 13549, 2485, 8508, 11303	1	Kako je propadel rokenrol
16	2006	47	dober	2439	13609, 13608	5, 7	Glasba je casovna umetnost I.: LP film Pankrti  Dolgcajt
22	2005	105	slab	452	1032, 3239, 472, 3243, 634, 3242, 3241	2, 18, 11, 14	Fantasticni stirje (Blu-ray)
15	2006	99	dober	2095	1327, 52, 5669, 1553, 1332, 12051	11, 13, 14	Eragon (Blu-ray)
19	2006	99	povprecen	1458	4663, 11460, 3270, 867, 1880, 5240, 6963, 644, 2246, 2092, 12103	2, 18, 11	Mozje X: Zadnji spopad (Blu-ray)
24	2005	189	dober	35	1718, 1486, 646, 4743, 1332, 1215, 1471	17, 2, 20, 11	Nebesko kraljestvo - Reziserjeva verzija (Blu-ray)
12	2005	164	dober	1925	5856, 6560, 11450, 13499, 586	1, 8, 9, 10	Razocarane gospodinje (2. sezona) - disk 1
10	2005	164	dober	1925	5856, 6560, 13499, 586, 11450	1, 8, 9, 10	Razocarane gospodinje (2. sezona) - disk 2
29	1987	90	slab	750, 749	5054, 2542, 2293, 13588, 9571, 10222, 15	1, 12	Arizona Junior
15	1998	90	dober	1290	488, 1951, 13589, 928	1, 13, 14	Casper sreca Wendy
11	1991	88	povprecen	1169	2661, 2245, 7629, 5972, 6159, 2152	1	Bedno zivljenje
22	2005	168	dober	2434	7768, 4671, 4430, 332, 2842, 3349	8, 9	Zdravnikova vest (1. sezona) - disk 3
23	2005	168	dober	2434	7768, 4671, 4430, 332, 2842, 3349	8, 9	Zdravnikova vest (1. sezona) - disk 4
25	2005	84	dober	2434	7768, 4671, 4430, 332, 2842, 3349	8, 9	Zdravnikova vest (1. sezona) - disk 6
14	1977	182	povprecen	2435, 540	13592, 13593, 3691, 7963, 3916, 3726, 5139	3, 6	Orka: kit ubijalec in Rjovenje
131	2007	92	dober	1215	8344, 8345, 3116, 737	1, 21, 13	Alvin in vevericki (sinhronizirano)
161	2007	117	povprecen	750, 749	1221, 9851, 4448, 1295, 3091, 6954	3, 12	Ni prostora za starce
25	2007	100	dober	2132	13595, 13596, 13597, 13598, 12144	1, 8	Povratne steklenice
56	2007	120	dober	1214	2657, 8639, 1447, 6084, 1588, 896	22, 8, 10	Ljubljena Jane
17	2006	83	povprecen	836	821, 4750, 685, 624, 7379, 2966, 13398, 13620, 13621	2, 11	DOA: Zivi ali mrtvi
12	2006	89	slab	2441	290, 5330, 433, 781, 4364	1, 6, 14	Fido
47	2007	98	povprecen	1336	3354, 427, 3221, 1402, 1074, 7972, 9239	1, 8, 10	Punca mojega brata
119	2007	87	dober	2443, 1856	?	1, 21, 13	Cebelji film (sinhronizirano)
113	2007	107	povprecen	92	5179, 11460, 4462, 1841, 329, 3958	21, 10, 11, 13, 14, 15	Zacarana
62	2007	117	povprecen	1897	1221, 4214, 3626, 5899, 4448, 4366, 6369, 329	3, 8, 12	V dolini smrti
73	2008	107	povprecen	2420	5455, 5003, 52, 1500, 10385, 5855	1, 8, 10	Katera je prava
58	2007	101	povprecen	1109	871, 1845, 212, 5984, 5493, 9417	17, 1, 2, 3, 8, 11	Pomlad v Bosni
109	2007	119	dober	625	8346, 3672, 5493, 349, 280, 15, 672	2, 3, 11	Zaklad pozabljenih: Knjiga skrivnosti
31	1961	76	dober	291, 89	?	21, 13	101 dalmatinec (Platinum izdaja)
12	2008	104	slab	366	924, 80, 7688, 1263, 13666, 13665	1, 12	Nore na denar
26	1991	124	dober	35	4434, 4, 3564, 280, 3833, 1287, 329	3, 8, 11, 12	Thelma in Louise (Posebna izdaja)
78	2008	118	povprecen	706	13686, 13687, 13466, 126, 992, 1280	8, 12	21 -  Razpad Las Vegasa
49	2006	98	slab	753	984, 5004, 2886, 200, 338, 1638, 8783, 8373	22, 8	Dekle iz tovarne
31	2007	133	dober	2130	13690, 1370, 13691, 13689, 3076, 379	3, 22, 8	Mogocno srce
10	2007	127	povprecen	489	13694, 13696, 13695, 13692, 13693, 6084, 8166, 13686	8, 10, 15	Across the Universe
13	2007	94	povprecen	389	2541, 3776, 2885, 2145, 555, 3485	2, 3, 18, 6	Nevidno zlo 3: Izumrtje (Blu-ray)
10	2006	171	dober	1941, 193	11504, 11506, 13719, 13721, 13720, 5988, 7386	3, 9, 11, 14	Skrivnostni otok (2. sezona) - disk 4
11	2006	165	dober	1941, 193	11504, 13719, 11506, 13721, 13720, 5988, 7386	3, 9, 11, 14	Skrivnostni otok (3. sezona) - disk 1
12	1966	109	slab	2264	13730, 13731, 13729, 1086, 13732, 5712	1, 8, 10	Alfie - 1966
22	2005	92	slab	2474	13755, 13754, 13753, 13752, 13756	5	Kruh nas vsakdanji
25	2007	155	slab	638	2735, 2734, 2733, 2738, 3805, 2736, 4485, 2737	1, 2	Jackass 2.5
16	1989	95	povprecen	117	4081, 1101, 13759, 1840, 7090	1, 3, 12	Turner in Hooch
44	2005	97	slab	1530	10241, 13776, 8149, 1661, 6981, 13775	3, 6	Lomljivo!
27	2007	103	slab	2481	807, 21, 13777, 4120, 125, 10265	1, 8, 13	Otrok z Marsa
34	2007	75	povprecen	?	11971, 13784	1	BB Show
11	1996	98	povprecen	379	13764, 1881, 5280, 1833, 6151, 2024, 5383	8	Zadnji ples
128	2008	139	dober	1268	2353, 669, 1118, 8769, 2766, 3172	1, 10	Seks v mestu
40	2007	93	slab	2494	2495, 13823, 13822, 4713, 13821, 2214	3, 6	Prvorojenka
26	1998	120	slab	806	5506, 904, 13832, 2755, 379, 7159	22, 8	Gia
25	2004	100	slab	2499	1912, 1919, 10348, 10706, 13840, 13841	3, 12	Skrlatne reke 2
11	2007	95	slab	2503	13850, 13851, 13849, 7719, 7236, 3125	3, 8	Hermano
21	2006	113	slab	747	2113, 1295, 2024, 2499, 450, 13064	20, 22, 8	Goyeve prikazni
31	2006	123	slab	2507	1494, 8025, 10549, 4102, 5336, 13859, 13858	8	Ena noc s kraljem
33	2006	97	slab	582	1883, 1651, 3351, 8105, 285, 15	3, 6	Krvava zetev
19	2005	90	povprecen	2511	516, 1478, 867, 396, 5543, 1026, 982, 1421, 1091	8, 11, 14	Nibilo
86	2008	110	povprecen	139	1493, 733, 2965, 1588, 379, 12739	2, 3	Iskan
36	2007	86	slab	2408	6192, 10514, 665, 771, 13494, 9869, 6817	16, 1, 2	Ko zogice pobesnijo
43	2007	108	dober	2514	13884, 13885, 13880, 13881, 13882, 13883	8	4 meseci, 3 tedni in 2 dneva
53	2006	114	slab	1030	13886, 13887, 11643, 6274, 13888	1, 3, 18, 6	Gostitelj
12	2007	50	povprecen	?	?	21, 13	Crta (sinhronizirano)
22	2007	91	povprecen	1215	8344, 8345, 3116, 737	1, 21, 13	Alvin in vevericki (Blu-ray)
19	2005	134	slab	715	5297, 5296, 1498, 5294, 5293	2, 11	Sedem mecev
10	2008	70	slab	2551	?	1	Vrazji Willie se vraca (sinhronizirano)
22	2007	135	povprecen	453	1175, 212, 11537, 198, 270, 13927, 284	22, 7, 8	Bob Dylan: 7 obrazov
52	1978	177	dober	352	731, 771, 2676, 560, 2398, 6044	17, 8	Lovec na jelene
15	1997	150	slab	743	4722, 1304, 1641, 6916, 4194, 1834, 3357, 3911	8	Vroce noci
38	1994	109	dober	459	13930, 3002, 618, 26, 3092	1	Butec in Butec
28	2005	110	dober	1390	1357, 3899, 961, 13821, 8174, 2427	8	Skrivno zivljenje besed
13	2005	88	slab	2531	13966, 13967, 4308, 13964, 13965, 13963	1, 8	Jaz in ti in vsi, ki jih poznava
18	2006	180	slab	777	4438, 13973, 8496, 142, 197, 605, 1332	3, 8	Notranje zadeve
14	1978	90	dober	822	13988, 13989, 13990, 13985, 13986, 13987, 9285	11, 13	Lassie - Nov zacetek (sinhronizirano)
11	1995	106	dober	1398	2848, 2399, 992, 7751, 4187	17, 20, 8	Vitezi neba
21	2007	92	povprecen	2478	5507, 9861, 9683, 13998, 960	3, 8, 10	Mesec nad Karolino
46	2006	121	povprecen	1360	5199, 14013, 8574, 14015, 198, 14014, 2180	17, 2, 8, 11	Resevanje ob zori
132	2008	152	dober	170	4750, 563, 1086, 733, 1219, 599, 5543, 12983, 198, 270	2, 3, 12, 14	Batman: Vitez teme
16	2007	132	slab	559	14027, 14030, 14031, 14028, 14029	8, 10, 15	Vecna ljubezen
18	2006	84	povprecen	2545, 2546	?	21, 13	(Ne)Srecno do konca dni
16	1986	101	povprecen	294	14053, 8775, 14054, 1204, 6290, 3879	2, 3, 12	Surovi posel
18	1986	112	slab	2549	7689, 1219, 5834, 14059, 14060, 14061	7, 22, 8	Sid in Nancy
13	1971	90	povprecen	2550	8415, 491, 1144, 938, 14075, 14076	19	Kavboj brez miru
15	1975	117	povprecen	121	10493, 905, 904, 799, 903	3, 10	Trije Kondorjevi dnevi
13	2007	102	povprecen	2575	13489, 14140, 476, 14141, 11167, 13461, 13534	3, 6	Na meji
42	2006	85	povprecen	2579, 2578	1524, 551, 6199, 9184, 1892	2, 3, 12	Adrenalin
74	2008	101	dober	2581	8128, 14159, 14160, 4462, 2689, 5381	1, 10	Kako ugrabiti nevesto
45	2006	104	slab	238	2972, 3779, 887, 485, 1588, 193	1, 10, 14	Penelopa
75	2008	98	dober	467	?	1, 21, 13	Wall-E (sinhronizirano)
15	2007	123	dober	?	14171, 5966, 1052, 10355, 1058, 4742, 2689	17, 2, 20, 8, 10	Anticni Rim (Sezona 2) - disk 5
13	2008	102	povprecen	741	8344, 14172, 14173, 3813, 11976, 9374, 13426	1, 7	Roker
59	2008	102	slab	864	5007, 3130, 10974, 699, 6030, 1015	17, 1, 2, 11	Tropski vihar
16	2008	106	slab	1895	14187, 7807, 338, 599, 14188, 1365	17, 22, 8, 10	Na robu ljubezni
27	2006	91	dober	1419	3005, 10625, 6563, 14199	1, 7, 9, 13	Hannah Montana: Za slavo in bliscem
112	2006	112	dober	212	10750, 14202, 14203, 2647, 10827, 4040	3, 8, 14	Favnov labirint
48	2006	95	povprecen	2130, 2593	14208, 14206, 14207, 14204, 14205	5, 8	Pot v Guantanamo
15	1996	118	dober	2594	4825, 14215, 14216, 14217, 14218, 14219	1, 8	Osmi dan
38	1991	128	dober	509	5933, 7193, 789, 1051, 1526, 1390, 3211	1, 8	Noc na zemlji
15	1985	156	dober	793	11926, 11924, 11921, 12025, 14252	17, 2, 8	Kaos
26	2008	101	dober	1302	763, 14039, 6017, 3104, 2089, 10619	8, 12	Zlocinec
31	2008	92	povprecen	2601	8225, 352, 4984, 13409, 2393, 13410	3, 6	Zaga V
12	2006	97	slab	642	4506, 4504, 1006, 645, 4503, 4502	1	Trgovci II
16	1974	83	slab	511	14275, 14276, 14277, 14278	1, 18	Temna zvezda
15	2007	300	povprecen	2557	307, 2163, 11670, 434, 8172, 1792	8, 9	Cranford
18	1977	127	dober	1462	3930, 8134, 14295, 3102, 5519, 10071	17, 8	Zelezni krizec
55	2008	96	dober	125	14307, 2702, 1295, 6, 14159, 662, 1468	1, 10	Ljubezen v Barceloni
24	2008	99	povprecen	2613	10775, 13306, 354, 10199, 2949, 3125	18, 3, 6	Karantena
33	2008	95	slab	2616	2615, 5230, 8398, 865, 261, 4397, 7932, 2547	1, 10	Baby Mama
23	2007	111	povprecen	889	5455, 687, 50, 327, 1254, 14321, 52, 126, 1503, 3632	1, 13, 14	Fred Bozicek
26	2001	124	dober	2624, 2625, 2623, 2622, 2621, 1179	?	2, 11, 14	Vrnitev mumije
25	1993	125	dober	18	1221, 1304, 2628, 9712, 3147, 9711, 994	2, 3, 12	Begunec
27	2008	85	slab	2626	9863, 8346, 1254, 551, 2406, 1143, 193, 11204	1, 10	Bozic na kvadrat
17	2003	99	dober	2630	5526, 9708, 14351, 14350, 14349, 14348	1, 8, 10	Vdor barbarov
11	1986	87	dober	2633	14368, 14370, 3781, 632, 3754, 3632	1, 20, 9	Crni gad (2.sezona) - disk 1
32	2008	104	dober	2661	560, 9244, 13026, 11023, 451, 1841, 3246	8	Dvom
59	2007	88	povprecen	349	686, 13033, 8397, 6916, 2237, 127, 349	3, 12	Cistilec trupel
10	2005	90	slab	2672	14422, 4962, 14421, 11127, 11595	1	Kocka je padla
12	2006	90	slab	2500	14423, 4964, 6946, 10155, 91	1, 18	Karta do vesolja
13	2006	123	slab	2673	1050, 4962, 4908, 14424, 10914, 14425	1, 11	Prijatelji na pocitnicah
12	2006	97	slab	2674	1462, 14428, 14429, 14426, 14427	3, 6	Satan
29	2009	92	povprecen	2679	5096, 14448, 14449, 14450, 7182, 8079, 13821, 7282	2, 3, 6, 14	Podzemlje III: Upor likanov
26	1954	190	dober	793	14452, 6280, 14453, 14454, 14455, 14451	2, 8, 11	Sedem samurajev
16	2007	91	slab	1382	2065, 2615, 733, 3324, 14464, 14465, 776	8, 10	Praznovanje ljubezni
13	2008	95	slab	568	2640, 272, 6199, 8560, 12829, 14487	16, 2, 8	Rdeci pas
25	2008	128	povprecen	464	4316, 4448, 656, 4366, 1301	22, 8	Milk
19	2007	91	dober	2700	14542, 10756, 14541, 2113, 6631, 2136	1, 13, 14	Trgovina cudezev gospoda Magoriuma
14	2004	91	slab	2701, 760	478, 4750, 3848, 14546, 14545, 14544	5	Moj zmenek z Drew
19	2007	81	povprecen	2716	5004, 3239, 871, 4155, 3833, 1029	3, 8, 12	Prebujanje
23	2008	124	dober	203	10632, 3067, 14585, 10785, 3624, 4155, 13894	8, 10	Bralec
16	2008	100	dober	2723	11883, 13224, 14586, 7106, 828, 12100, 725, 3911	1, 13	Hotel za pse
37	2008	129	povprecen	1242	478, 700, 2354, 6, 1006, 348, 10525	1, 8, 10	Mu pac ni do tebe
29	2008	104	povprecen	1750	14589, 14588, 14590, 14587, 1210, 1892, 6887	2, 3, 12	Prenasalec 3
10	2008	90	povprecen	1072	5455, 10804, 1131, 515, 13997, 1572	1, 18, 13	Super Dave
61	2008	120	dober	85	14661, 14660, 14663, 14662, 13037, 14664, 5549	8, 10, 12	Revni milijonar
47	2008	116	dober	17	10323, 143, 1115, 14700, 14699	8, 12	Gran Torino
15	2008	100	povprecen	878	14142, 2615, 4147, 8065, 4940	1, 10, 14	Mesto duhov
13	2008	109	povprecen	2747	6847, 1255, 13306, 1080, 1131, 612, 2884, 199, 897	7, 22, 8, 10	Cadillac Records
15	2007	94	slab	2750	1153, 14704, 2237, 8046, 1650, 3158	3, 6	Vstaja: Krvavi lov
20	2008	73	povprecen	2818, 2312	?	1, 21, 11, 13	Sezona lova 2
19	2006	120	dober	450	2509, 4479, 4366, 637, 269	2, 8, 10, 11	Tristan in Izolda
11	2006	80	slab	2839	8486, 14804, 14801, 14803, 14802	1, 8	Umetnost negativnega misljenja
25	2009	96	slab	562	2132, 154, 1218, 1104, 13426, 1842	1, 10, 14	Vse moje bivse
12	2009	96	dober	706	14830, 6023, 14831, 616, 2801	1, 10	Grda resnica
22	2008	150	dober	682	14885, 14884, 14887, 14886, 8166, 335, 3378, 89	16, 8	Rokoborec
13	2008	94	slab	2866	14915, 4402, 14917, 14916, 9286, 571	3, 8, 12	Nadzorstvo
15	2007	111	slab	371	6539, 13359, 6675, 1177, 335, 244, 451, 10448, 1420	3, 8, 12	Preden hudic izve za tvojo smrt
13	2007	86	povprecen	596	1206, 13433, 8166, 9348, 14517, 5491	3, 8	Zivljenje v hipu
16	2009	147	dober	2324	1017, 14988, 3953, 3952, 3954	2, 10, 11, 13, 14	Harry Potter in Princ mesane krvi
16	2009	103	dober	487	1669, 128, 1500, 10557, 7090	1, 8, 10	Snubitev
33	2009	147	dober	670	2839, 1305, 14693, 4434, 5493, 15197, 15198, 11980, 14469	17, 3, 8	Neslavne barabe
14	2009	85	povprecen	981	8635, 2599, 4167, 5049, 1007, 11888, 995, 3324, 896	2, 18, 3	Nadomestki
